4795
35375
9984
34860
5485
34038
12501
17508
30532
9825
20362
36736
21017
26282
11926
20617
3427
36279
24362
27521
11385
16451
14918
17139
1618
21731
11233
16868
14175
12813
29131
5430
20566
13215
15599
15492
17736
6742
13447
29132
19949
32884
33422
32286
1769
10431
24363
25589
21741
28572
14515
22345
16754
34160
16263
36998
22134
12812
19016
5900
6205
25061
9352
27181
14036
13777
36758
3994
12320
26648
32307
25421
25175
18207
37577
24473
35302
19364
36144
3620
20502
13009
4897
23228
31834
35096
25291
16579
26693
18455
28135
17417
3405
35076
34838
12346
3942
32794
27353
24896
1000
26196
28388
17127
22282
21337
9340
37057
14881
648
20984
13833
3446
19537
20361
12393
15054
28391
10494
10892
25934
33566
26223
26201
7079
8497
25314
7210
2350
9434
26902
36920
27334
7123
23484
9945
2307
2284
2465
21
29106
31668
25364
16067
15237
37503
6119
9602
12449
22245
20387
12364
16420
981
140
3914
31261
9722
86
32044
14049
2536
20290
35521
8617
8581
4220
17355
33654
30313
910
29665
19432
32296
27367
11710
20409
31924
4528
31354
22007
8648
35060
7707
29975
32666
10117
19581
34709
20465
28139
18059
7507
639
17450
2353
30612
7828
36425
30459
19656
27433
27701
24084
28623
30759
5081
14019
35793
29203
12631
360
29094
35071
1629
34424
3128
33057
30966
9893
32647
19974
23668
23922
8927
32615
30468
22971
5107
16504
37283
2084
17722
34262
2194
6263
28288
17796
24128
11844
8489
17337
36586
26073
15121
7816
2092
21518
3917
7553
11824
20972
35780
6705
26338
19024
20188
6850
37082
25299
19776
30767
14298
17122
17331
8016
7061
1951
26447
31230
36126
24716
3757
7521
12297
8093
21860
36451
20695
30372
26673
12846
18728
7928
25391
28906
24175
3915
10764
857
4324
30375
67
7442
1358
31105
23822
29381
36099
24587
25342
14306
2663
13910
22454
31722
29997
24649
13292
8301
16415
2900
15026
4546
6470
22102
3374
12639
17091
5752
22455
185
7455
25132
21847
30333
15921
28444
23741
219
10147
3961
23127
6083
37090
9906
56
11553
19936
9875
17871
13761
32733
15131
9819
21819
1783
33228
6907
16132
16079
23830
9159
555
253
1900
36398
13804
25323
22638
17224
2263
7234
17017
6139
36339
5395
4633
36471
32536
25285
33350
30682
7723
11283
2137
23451
3414
17563
8840
4183
10740
15961
7684
21689
19093
29418
28371
13273
16395
25805
20961
8318
5369
13689
19105
846
15375
31572
18060
6772
37210
437
10591
14942
3179
22000
36661
9415
18082
23090
8461
10056
9503
33585
18116
11425
