18651
4796
27173
25256
32753
4210
16788
18775
19037
6223
12985
20927
4174
15460
15029
30606
14624
23604
4235
10080
23204
21095
10402
5506
33303
13058
10456
14228
15906
28957
2152
37107
4847
14131
19114
12436
35876
22825
4628
16726
34849
7267
16854
24402
33054
3515
31367
20963
8327
17484
12138
25958
25706
6872
26649
6452
36148
16490
29212
22170
21334
10937
9143
15901
9075
8723
3491
31376
2896
26647
18406
1979
31630
8942
22329
13998
26156
751
30397
13838
30670
32736
15762
5362
21494
8054
24568
33671
4447
30339
6981
2397
4734
5800
15994
26053
2352
11814
25608
4565
7631
2979
24721
13294
15799
23881
25887
22151
1464
36761
6528
1923
13994
29421
10827
17726
32575
25482
15669
