19292
22046
560
21023
27279
27475
11109
23352
2098
23913
9889
27584
19162
22562
20529
25134
36057
11371
32785
34205
16456
33744
22489
24954
27153
6513
24612
36142
11850
29739
4363
11403
23111
845
401
3703
20899
7639
24160
21419
12159
19098
473
31328
24546
29859
28882
15251
8663
26661
8180
15820
8462
25159
25430
13051
17444
26245
23317
2456
24184
37345
16088
22311
36231
602
24220
9128
8834
24232
26775
35374
11890
1994
16039
7762
26927
27925
28727
20294
26105
20513
21469
21112
35873
21946
31166
6343
25274
28940
35049
14195
32472
23489
16413
33540
35990
12876
22127
545
14279
35119
11416
28593
37288
32566
34375
5818
20215
9324
2182
30286
2497
29278
37230
23724
860
16580
31263
6693
7541
27320
18536
32997
28210
8864
8551
36974
6647
32879
33219
9284
1226
16365
20210
3241
27403
12304
9709
36347
20052
1792
23760
35886
11699
125
4339
6954
12348
33109
18612
37038
14032
21215
30537
30200
6118
34430
3417
31089
25397
5420
31966
2105
12007
33756
13335
15379
19882
19345
23087
24941
35669
8990
23765
26104
29819
5115
12173
6808
1703
7427
37430
14944
24192
11169
19182
16460
19621
28380
33436
278
19839
2391
25692
20499
18136
9544
35489
25360
35426
33394
23690
37596
11379
31020
25401
34590
29733
10826
16181
9404
27119
32054
2992
1416
29368
3647
26306
30580
5978
21752
37583
34905
25603
16950
3115
4468
15738
16975
35217
6022
18039
22274
28327
4708
13754
2737
17480
3218
24279
35014
12487
18268
9603
33693
23528
10951
11561
26614
588
4267
26557
18610
23906
3877
31885
33617
34280
3434
6844
7252
12403
21003
17124
35437
7912
29444
1333
29547
35596
18524
22970
14890
18666
19266
13658
28249
29885
3313
30638
34874
2317
19207
25836
29360
18849
7449
2579
20005
6699
20063
4337
19121
6786
16954
29633
36810
14021
37233
30420
13831
7198
16043
31393
19
14469
21599
29176
25298
17908
11196
12228
15152
27023
1104
9382
3995
17632
6716
23416
33078
36504
10666
5833
17660
12659
13441
35128
20035
6687
23047
9928
33451
2211
5443
25502
14611
8656
7991
15286
30618
9612
23066
631
6117
29357
3825
15446
35205
3928
28355
12469
24697
15133
1390
25006
8051
6314
31131
623
31567
33513
30121
29911
27789
9940
32165
29398
35351
22004
29054
23598
2327
3542
13199
29492
2547
24124
30318
8880
31995
12099
9710
30640
5410
25227
4624
32525
27980
33629
37336
30510
15904
32754
10918
4197
17402
8843
35675
12095
5059
19080
24113
2952
13457
1474
33139
827
18228
10449
37020
26669
22169
1925
29253
2010
11715
10638
5879
29926
33237
27110
915
16060
33435
8935
22355
4486
21664
18259
35282
30685
11898
8720
36012
27576
25301
10118
2153
9964
22840
21185
23901
12582
8487
9132
26462
21252
19410
7222
3317
34611
13239
15963
30979
14489
32723
22503
7028
22545
37415
36028
21347
1378
8985
3475
14380
19873
11528
33910
3940
14010
8847
36511
30802
34356
2167
36187
24382
20806
23639
10126
32941
9412
17776
10739
15568
10110
16933
21787
10803
36388
3655
30723
34999
11073
11686
21615
2305
33269
13923
27762
7915
1914
2184
9529
17054
11782
12323
12198
31838
6867
36176
5057
30499
16772
22061
24490
33188
15659
2240
18742
15990
34420
21288
6498
22144
6137
25311
10849
4460
23133
12597
34299
32611
8610
27066
15950
37444
15361
24449
23225
7778
22723
20794
25312
5647
18449
29156
33635
23716
23247
36629
32257
30878
7860
14947
29689
8265
33247
25428
12671
9950
25541
1412
15603
7297
16307
15682
36734
13027
21775
22195
11776
30965
22630
34854
2857
12507
29903
2867
11211
32732
2314
4342
35109
23274
25514
7344
4301
14346
29601
4107
22211
1579
3200
26086
20969
5084
32173
31508
6562
28087
3396
7160
8729
17381
1772
20105
11034
33780
16543
1372
21659
12070
8312
17645
4130
33195
30502
552
37437
1561
27428
22708
8921
4905
11825
8045
5190
18700
22110
24828
19199
470
13944
31588
22225
10817
35739
20831
7637
2803
5742
13922
31182
19202
30387
25626
2855
24979
28053
23144
34138
26381
11023
3740
21635
37480
20772
32207
28070
36560
228
10128
19764
11511
12966
21823
36913
16125
16443
18951
16293
21998
203
5169
19529
15751
29682
32686
12653
35546
33994
10108
9917
34365
18335
23535
12474
26035
23495
457
31683
29900
33974
5874
34672
27388
4085
8159
37106
35806
32597
20379
8452
14619
25290
29296
7318
30850
37614
31839
10111
37378
469
35742
27394
24705
2970
15897
33801
30322
15970
18973
35165
31366
20304
9755
651
2614
12748
6047
6023
12192
23744
32051
25441
24782
21588
31250
20691
1766
25703
5197
14769
27322
10435
3709
6295
1977
23045
31114
19028
17815
8884
413
13257
3983
17658
29008
13104
36551
27639
15664
10592
26954
17112
22647
32809
19008
15328
20041
27790
8754
27506
927
18127
32734
13712
15500
29403
3861
1204
17367
32334
34621
34089
25725
15692
28907
36875
16284
21672
16638
11580
17930
31685
6011
8822
7055
28335
19955
32161
11531
7795
12928
22761
13575
32630
29200
17332
837
10733
27065
24480
35698
31980
30839
28343
29793
1323
32856
13259
25065
29555
36574
16598
12683
35935
27365
3938
7611
13877
22953
23120
4859
28356
23624
1780
36549
7060
32646
3945
19112
37454
4074
28080
10940
3361
14025
26644
8695
17186
25933
29611
