26764
12867
25166
34559
26343
5921
9042
24225
31714
17733
12085
17573
14568
35961
17814
9666
34037
5953
13545
6094
10574
37591
33640
8157
17865
16881
393
20050
11928
618
37289
31681
28322
33062
15806
1852
3474
30461
29895
26899
20491
32564
24181
35186
31248
34606
29283
8668
321
2176
1032
14586
24711
23400
31325
33927
25627
14683
35749
22449
26842
22668
33594
7292
27449
3947
12606
26608
2516
27024
685
22690
23267
36743
21099
5964
16912
11723
25883
19772
23438
30720
29645
19446
16122
23108
25739
3378
26734
34970
36977
13978
17702
25569
26110
3816
20581
25849
21527
16878
25677
18663
4302
20506
5606
18466
34523
22272
34646
11320
18339
10924
26906
27037
20798
9046
35558
10546
23411
7177
16350
29188
26034
1030
5567
30819
33995
25669
17010
1765
26639
14879
15156
19922
34695
8351
15236
18710
3701
3228
20122
19812
10271
21194
22785
18814
31695
24842
27128
14148
5696
22491
28602
36665
20469
24593
24666
9995
9812
7835
8097
33397
31462
36747
16095
28767
11010
34046
2118
21768
2471
21380
20376
13163
23277
