15074
34479
34315
11028
15778
15178
15554
25392
10289
32097
19533
29082
32451
24910
17530
24339
30956
1876
18507
20978
26827
4517
22539
19957
19393
3483
3187
14018
22779
19675
1767
9981
27418
29876
31104
23631
11227
8263
30230
2561
6025
10965
36894
11969
23972
9761
5615
16600
33569
24730
12461
3874
20578
14914
11513
30338
13354
23816
16463
13783
28419
11305
36720
20282
21640
9547
28333
29896
32876
6751
24419
28591
17542
27749
32149
20780
17347
12003
15525
14502
6575
5210
5817
31141
26335
7859
21358
19224
32082
20236
24514
20331
36834
30814
18969
16057
3016
20180
7462
28639
6578
7075
2556
4245
4112
16689
21957
35090
3131
14831
36741
33202
24545
21090
35456
32331
12280
8576
34992
28822
16469
32026
7837
3789
4975
17446
19064
14176
22504
9834
14655
14578
23334
26190
5634
1297
9453
14334
7389
17875
23209
14436
11944
18787
28761
20333
33793
32924
36426
33804
1762
33773
7740
35118
25880
19520
12571
31197
2129
28852
5361
19962
31725
11242
26189
2319
5048
20849
11921
14814
34507
9633
32202
11911
22836
34302
34114
19540
10329
29218
26956
8357
29100
16154
14099
4333
22715
17782
