36668
12046
7003
4575
11038
34765
13474
27553
22685
36959
22337
18298
4609
26786
36568
34335
29824
6995
23163
36637
13654
9169
25185
8993
27867
14700
17497
27580
23332
23242
12957
23970
19063
27137
27751
1003
13574
36785
16327
7081
11452
25062
23942
24677
27007
7050
29115
15591
22290
36105
21508
19858
32008
6218
26486
14609
28612
4752
20720
7775
34496
30248
25270
5366
36326
1213
1126
20517
2252
4208
36435
21857
30454
26124
7675
15551
19737
30403
30101
12488
27539
8464
30509
33537
7363
14925
10660
30834
18834
25526
23430
21803
17103
27933
16844
32233
4143
8000
24735
5335
10510
34238
23058
4497
34485
10543
5469
14755
12268
19149
25259
26085
29805
14185
21953
1877
26556
13751
29564
12068
32182
18180
13225
31594
6793
2183
29973
25924
35331
27159
32582
37147
31815
22171
15916
2270
11774
18937
28034
18657
28008
2451
22059
19859
15621
32616
3447
14352
3801
30297
23271
31009
10416
33489
22159
11191
13204
34026
22051
6487
11388
25908
9596
6274
10636
335
34232
26432
10877
20610
24595
23694
24395
11000
23523
3520
25774
21318
35075
6228
18975
26165
16406
166
16807
13789
31803
1435
28996
35032
9799
21287
4013
10927
14828
14965
24161
31701
28005
1865
4841
16040
23606
32684
34876
28195
35106
3837
12376
34429
12465
6177
35661
5266
4290
3604
35249
18378
6984
15480
7942
21577
1173
10587
9098
11055
8541
37086
31516
1092
15466
11164
24351
24283
24162
17576
4397
36118
5103
36906
9876
19018
7414
15531
4634
28181
27742
22042
31106
12038
9074
35397
30424
27044
4076
35316
6616
32232
12684
36382
34801
37056
32885
35061
24737
27196
14743
29710
25554
37357
10072
8142
595
18790
26763
14991
2316
24844
9065
5838
15905
22119
1913
1965
17976
1443
19883
15755
25770
5907
15602
10007
9346
15104
20702
20554
4870
20359
175
29389
31428
21043
32346
27032
19833
22515
6794
32131
21966
14745
8365
6775
12992
8394
36532
