26629
22996
18558
28909
36620
1853
12921
1460
4212
3510
18195
25238
18910
31404
15779
946
9947
32322
4206
32427
20808
24581
6825
24805
6417
3356
36293
27
27981
28017
37380
17961
25504
27426
18103
15258
17395
15164
36336
27842
31378
35601
31855
18804
4881
20296
5002
15655
1748
36844
15567
12102
9572
14443
31419
15528
13487
26176
9721
11401
8679
20786
7103
33856
36486
12816
35156
21501
5584
4382
31053
37248
33553
1282
25255
31252
15487
18212
11467
18154
8702
4292
32303
23511
21566
25687
337
28986
27447
16680
24233
29502
11789
8177
2702
3812
29543
12627
2439
16169
27051
92
14708
26252
35051
14023
6989
2349
36573
35569
14237
4158
1655
4682
6696
36298
20657
12265
32393
36208
21303
3502
22950
27163
2302
6084
9769
12857
17792
1544
14319
36971
35708
24655
22013
34628
29659
17672
1881
37573
22395
14631
8274
2706
10175
15576
19538
32910
3014
6245
9645
10532
16336
740
32347
912
27314
31351
4569
7710
20100
33189
6914
26777
7780
24994
31387
2420
4724
3081
3887
30795
37610
26356
24574
11041
15278
20010
1906
37092
35335
11151
7993
10496
23750
19985
4459
23072
36098
23233
18810
5449
36708
36973
12854
23281
17242
27185
21024
33213
37529
21471
2611
33006
36400
5688
15557
24456
18489
16302
28429
21111
6149
2241
11889
7173
27323
4393
35435
10872
506
33564
6827
6569
30553
20301
2907
22604
12426
26591
21441
28962
19118
32507
12978
12235
32129
3932
33073
35944
10922
25816
4230
37428
22341
25302
1407
34016
6280
19905
37045
8520
6558
31384
23752
19361
18106
8580
13581
34859
22499
25902
30138
25896
10856
33161
23273
15377
8683
29552
17311
25610
18218
10994
13629
35359
17795
15863
26332
17454
6536
29234
2375
18658
9611
29240
34852
12392
2043
22533
23491
10067
18869
13413
23433
6345
22505
3098
5108
23051
3756
15775
3288
32623
26987
32987
18133
13932
2096
