31680
36345
26420
17399
30799
1011
33735
27989
34976
9486
11194
11245
8731
15279
14264
13321
2260
16643
7736
12917
22848
24921
29812
28965
26171
35220
21008
16506
24445
27628
4581
5871
9116
10275
25886
22664
21652
17802
13595
19999
21739
18628
21621
10933
27758
2066
21019
20396
33065
25867
22807
4958
13373
17779
32230
6251
24836
1670
21131
18483
19965
20209
35618
30036
28975
14231
28849
5931
10954
13716
17711
19139
16792
1926
30104
7094
20007
7365
8652
33637
32017
16374
20837
27222
29875
12049
29578
10906
11006
855
10122
8090
7563
20549
3931
6446
32998
8140
21004
2463
13648
24869
33392
12805
9767
12723
13556
14020
17432
29415
37074
512
26284
24229
20795
32115
35112
4543
26573
626
35113
22182
32196
34292
9366
3557
4805
31779
24887
36271
14376
28416
31784
14239
11990
1661
8714
10736
2246
2293
15748
9855
14347
16614
34595
4586
7065
16842
9460
19197
10604
23944
36314
9690
30856
20699
16606
11848
29573
22368
31769
16216
28666
34696
441
15529
35007
16425
28886
936
33535
35415
15881
10354
3034
19553
28434
36965
26667
26422
31822
3937
17409
23292
24168
24701
30396
2346
17312
3512
13085
2641
5697
7612
14394
22577
30608
30743
12273
31892
13281
22157
11367
13637
19205
28163
19204
6008
7301
31512
16685
29167
2922
14164
33375
20639
9742
15141
22590
36360
24118
16194
30074
9900
25860
18425
30027
6431
31991
10218
1415
1087
10104
12012
17279
22230
17194
21106
21316
30696
5999
28318
10484
3224
279
1341
2615
21119
3696
16493
14975
6220
17853
24004
14419
33483
29237
8728
16226
30566
25533
2951
11391
32562
22197
23467
8153
10185
729
6531
10537
24588
22540
36078
8216
15714
34230
7146
13246
16103
15641
21525
34169
29119
17606
34458
11200
26097
14645
3885
29834
36257
37115
28141
34193
8108
33765
18608
33805
31670
33084
6876
33728
7933
28864
35298
4334
27484
1054
24898
8192
33745
20302
5912
32528
14545
12401
15193
23236
3819
23867
30975
33253
35625
32674
89
35429
9280
35777
2279
2003
35362
20464
32469
26256
4510
373
25152
3227
23158
25103
9687
26800
7190
29414
15842
15125
25989
28409
36470
2983
14235
34121
31200
26537
35057
16444
35338
17813
37012
25795
23252
5477
21826
32443
24210
37149
3147
791
16153
22343
27028
1293
526
11919
614
20761
26365
27737
23727
19788
13739
17272
22733
21282
26473
30862
76
21643
4825
14897
25987
35157
3461
109
12837
18641
9430
4150
13178
1387
36370
31575
33541
24491
36639
14990
17097
29754
13639
18656
37083
35547
10644
643
6964
15353
1105
21600
17601
6442
3883
17980
8994
27251
36381
5042
33384
8253
23896
36431
27958
24046
33877
30304
7589
30980
12423
11471
15299
15016
15077
15267
19201
20540
19152
14891
33658
5941
6408
28933
10413
3
19862
32080
23514
37344
29116
35937
26571
35250
25059
25784
31757
12696
35427
13289
29817
34846
20429
32559
20797
1806
17536
19889
11300
35951
2340
18097
25026
31424
25660
20235
37404
13904
22377
7919
24303
1729
2233
5522
18232
33232
8299
3219
25658
22656
17306
20904
25418
37292
4662
3778
5560
6533
27317
2846
12623
34729
1382
34295
9036
34748
28918
24790
9512
15639
25390
34176
13467
14340
14773
24123
16799
11652
22643
13636
11138
12736
33703
13175
12864
21412
22433
5572
5225
27998
2823
3924
1945
34271
37469
3833
26929
1921
11872
27554
8749
29289
31179
33933
5491
12283
4178
24876
33038
31737
14804
15703
9524
16629
26126
1180
36084
37269
20172
16389
9241
1034
10695
35368
1604
2719
3019
2144
1797
22954
32343
1136
29272
25870
11607
28632
19948
37697
10956
11894
15983
33873
22699
14317
13437
25248
30579
208
4500
29438
24862
27095
14770
30102
26119
13129
11238
8745
10032
16769
5203
30061
29673
2966
1554
28175
18450
9080
15159
12827
15343
14147
15821
24558
24816
27432
24269
33815
12146
10445
37322
33400
37217
30884
5215
13817
35117
25734
34529
28001
18609
25560
22113
20327
16517
31016
16027
18870
8881
3473
15818
1010
25813
2874
7147
37223
5660
33993
29680
30438
838
370
17089
31977
5204
7293
25799
24884
36779
6572
34004
32090
28390
15476
7880
1225
36353
19130
16206
35058
30404
27075
20667
21562
1383
5932
11935
11314
24628
1601
366
19223
14504
7888
12380
17771
18436
10701
34773
12909
31273
21802
25808
16523
4387
4651
10832
12344
24375
18873
36556
24967
4661
13938
13786
25195
6819
32558
8281
1139
12420
27678
19200
30843
15076
33638
34726
24547
8106
1513
28443
6120
25188
2959
15007
10255
29849
5875
15652
32772
3891
4550
7731
5902
14106
23981
13921
11978
25432
27629
22116
28279
30972
8246
19640
15271
21126
4512
5699
5829
17325
21818
7781
16203
1516
9308
18002
21660
14075
20048
9407
29986
27710
37376
7444
33720
13508
18539
1812
15608
36324
14630
24329
781
34172
3486
21438
17441
24819
4925
24373
696
8218
36286
9197
9093
28062
15824
35275
34097
10089
1255
11014
32989
17728
2592
33106
26932
578
19548
28773
1633
5351
16597
1162
33329
35918
14850
35322
19348
34722
16947
20288
27014
6328
13483
36979
24415
14121
12040
33953
37594
33357
31704
14867
37323
4084
32219
7481
18950
6830
37616
622
20207
25600
36062
12215
17220
12767
33225
10610
14751
17994
24695
12275
19043
27543
33335
20735
9306
11226
353
30557
16370
35581
10724
21340
11140
28418
15736
2763
24814
14327
19039
26475
2583
33505
18496
22150
8044
36492
6511
12269
17052
7936
32770
29110
15645
12866
6232
22728
29443
12535
31207
18565
8334
29526
7083
4864
5360
34440
14643
16328
24437
18597
28793
31227
27505
12651
37110
901
2738
30590
36217
32560
14889
8751
3420
10374
23663
32773
35906
20147
32776
4580
25086
16173
31873
24859
25306
3667
19217
24440
4133
4299
23104
12010
27166
2735
33998
33268
22913
7022
14976
28816
118
17218
20573
33692
9994
16257
13081
2086
32827
12312
16052
32815
31598
10920
13775
13649
1805
18296
23579
33733
8233
8428
24968
1757
36576
12148
27057
5659
32625
12856
27705
33689
16357
25763
31235
16489
34366
3481
22866
7620
5230
15725
22526
29562
12014
2322
11874
24822
6072
31564
15894
682
3920
25435
15488
19886
33114
14564
35619
35721
19397
29631
33882
27113
32641
21991
24477
16249
34633
16379
15358
9701
6637
34031
8435
14812
19238
24097
16407
18386
34514
1059
8954
12030
31528
19580
5075
13262
34572
33939
23552
29267
1100
16291
34460
1838
26040
8077
34087
27928
18351
27632
27118
7051
16810
32056
6457
27217
23994
10831
22041
9652
36132
32511
4639
26581
18328
30473
34641
24002
2490
19133
12914
11037
23137
34643
18193
36311
3215
29268
3419
30615
11146
36853
30365
10608
19762
5815
21057
34845
13359
22767
5969
13223
23213
16177
29720
15022
24606
21260
374
36945
17780
36806
29189
15433
31883
34
1744
7966
31946
28616
23319
1068
34767
16619
35079
35694
19570
11096
28831
1721
2199
10813
34179
37039
37647
1743
33258
20709
9824
9206
37420
16304
8271
14115
12008
34319
32888
17199
36129
17285
27103
14321
2817
5406
34546
6743
1518
35769
24426
32446
13317
23891
2657
19691
13781
33866
17110
18974
12127
31513
14885
15996
22410
6076
66
12446
27298
8134
31372
13750
2274
12652
22826
31667
31284
23557
8297
6126
11545
9960
15941
9663
19921
20247
13806
1665
4549
17215
19474
20224
16612
10617
33496
997
20201
24309
609
36663
13455
22108
19998
14434
19119
19142
34739
17362
1594
15711
26342
4016
22285
14016
8338
18289
1296
2705
9542
27055
29607
12379
19861
18408
22485
4022
28826
3664
19546
34760
25419
9570
18931
30673
16925
35910
29711
21993
1638
10837
6692
13288
14668
26499
4676
26195
36227
8897
9528
17513
19418
36329
2013
10236
20077
27184
12073
30985
9758
28319
14896
33897
18988
541
21181
36948
37172
21511
11571
14119
16749
23733
35803
36228
15163
15677
6667
8624
19455
30413
33026
4400
33332
29936
12441
12503
21940
313
27957
7616
29716
11801
18267
22137
19078
17448
14173
28592
12605
1232
17622
18124
15172
15830
1787
19415
32118
935
5024
34436
13038
32013
26061
31798
4650
24487
25969
18189
29867
14375
4153
3507
15706
10024
20516
13683
5620
29114
10364
13606
18566
25375
4954
37330
10048
1184
6726
31400
28877
22497
35931
36856
21143
13330
22968
30705
31614
14142
10915
19368
32123
3101
31349
24472
19918
30960
10396
6880
2077
12141
19356
25826
26310
20392
20382
35069
22636
15009
16955
29245
254
37364
36477
13144
14992
35869
20428
21184
27500
36436
26449
3467
7659
8929
20022
13183
6521
22256
15359
7831
29791
20
15955
37010
9479
29967
35105
35626
6934
13552
36175
231
1909
40
36658
27293
31690
1380
9108
23504
20515
25657
701
36612
26555
2115
23753
34186
34339
23343
30810
22912
5488
17346
9939
22181
33010
24982
20716
30145
16953
31675
14048
29572
2863
34268
8196
18321
11567
18907
11378
33299
27825
30034
2533
2161
36877
11942
26317
36101
27093
2145
18246
17643
6929
22421
12516
18048
5363
29431
31664
37652
22924
34269
1904
13835
15789
19243
37482
1699
29099
27210
22965
18346
35307
7590
18185
33865
8850
23650
10549
33306
33470
15679
15579
28589
33127
1049
19295
17744
5682
4065
35213
22076
34841
34104
6419
27226
34254
1831
31485
26892
25661
24667
7986
30506
10269
21389
37539
19906
33711
22483
17292
2311
29300
13661
8039
18706
30740
14091
15357
6168
35350
15081
10245
19280
20673
21721
28345
24374
35814
31437
30259
31203
20458
12785
13677
8388
35804
3750
20144
6895
14514
25030
37029
6891
9912
35520
2620
7372
16503
26820
5249
31884
21054
24578
15834
14993
34361
30978
29558
1135
14190
4652
10138
10555
13192
11302
23610
31394
26723
9968
31188
16525
27177
20765
36939
4672
14956
24858
18912
16036
5483
6527
2304
35053
6750
19230
21320
30857
34516
18253
31694
14490
10251
31092
32724
26928
12802
23325
25775
19722
10258
3392
35952
21087
11600
11552
28786
1201
23587
4421
9299
31487
13403
3407
8565
37559
3971
4428
20770
15486
2681
3387
26149
4872
26715
11258
2310
431
34150
10804
15984
18502
2540
27130
10932
22672
7761
719
19612
30827
3193
17477
12521
4815
19740
35471
22697
34281
10316
9554
27529
3093
37654
8004
24428
32843
9892
36949
28617
25684
25641
29525
31736
29202
25789
31529
14793
16537
6275
20764
12944
36704
34751
7877
16555
7634
36413
8302
3097
8633
25507
35605
2190
15399
11016
20998
37693
4927
10579
25468
24218
17268
5289
6466
23374
31689
37597
36624
932
33119
32464
28871
68
25946
29952
32314
10985
24678
31268
37571
26832
137
26372
8305
10959
13232
4341
34520
4627
1957
3170
22917
22486
11384
37545
24569
9202
4553
35243
32340
31085
28725
2758
21625
27379
8308
797
33615
36342
20903
6444
32330
14996
17923
15434
3729
30522
10943
32031
1422
21481
9716
2079
15426
7645
22406
31655
9062
35860
36243
22099
13355
28166
29625
15870
13471
12244
21655
9344
18230
5820
3782
32501
34867
6548
36466
8682
27228
16781
24714
29353
18688
8123
13861
22163
22609
20694
8075
6476
19704
32567
14315
502
12801
31989
7393
20226
9502
13468
26452
10064
6524
26657
11045
24505
9261
9342
21256
36125
26320
1188
8630
35582
31818
2470
37501
16234
30381
36242
3836
33534
31720
11187
9774
24019
14266
12337
32394
11166
25760
6346
1330
4170
24143
4332
14728
21188
4965
5128
15946
529
35843
14486
11530
1584
3285
23401
28746
30837
34632
30875
34790
7277
25528
37040
31036
11224
11153
3805
12478
37060
18991
31008
25122
32052
35263
23888
23526
4222
5220
25094
28556
12224
13265
26274
12190
23585
11732
34832
3644
5986
31789
19721
19342
18324
37158
14404
28321
14432
1463
35954
4893
30351
34821
3136
31358
9670
35946
27261
30118
32645
5928
18824
15694
6504
12305
31163
1314
21897
4604
12835
29339
16719
13214
23581
35478
34805
8295
34505
18782
35132
15213
6628
7545
9993
2832
37104
27237
31711
21815
20112
36640
16511
17327
31289
23097
29762
30842
7687
3529
29539
26773
11431
34431
19826
30946
20029
1649
22087
24857
32512
17974
26519
4852
11773
23237
20910
22367
1468
36933
2457
34933
7465
32494
21341
4749
13120
27696
31491
31867
13841
15864
27883
28646
18099
30206
19977
15860
21941
36085
12924
32886
13387
19115
6129
26225
7954
26148
23032
25917
28192
33532
23022
6655
1083
15253
14043
9473
25318
145
270
25910
31068
16000
32728
10370
27658
28463
919
27679
31137
6185
30070
19347
27402
1517
21509
5855
8537
18752
21962
28799
11593
24158
16785
3060
15190
29164
36896
28186
34310
5038
23386
27330
15522
33223
9307
24236
28559
1395
36577
18364
10865
1368
4496
9770
29487
16603
30684
2637
19984
21177
9303
18697
25223
23473
35313
36993
33007
36636
11504
14912
17406
8554
20790
5244
3005
24504
8845
28904
24358
3566
18890
29056
2665
16330
37518
30450
4228
27733
30689
33512
32508
7219
26193
33221
3718
31075
17749
19082
12482
31557
1940
36379
16318
5663
27256
23023
1195
11195
29546
27349
24996
29219
7259
28892
10519
34686
18510
36674
22684
10558
33369
1768
28035
14733
26395
35544
20284
581
31158
9446
27107
20334
20769
32305
10538
34314
13928
35502
8133
30900
33387
27699
7673
32489
22135
22440
4438
3964
12628
34351
4667
36552
14702
29897
29928
20034
27863
30591
17463
9041
37634
13879
35273
9096
19964
13349
4227
27127
3565
7505
6495
12428
5439
31156
19884
19487
6210
22803
5695
34091
8349
32902
9223
15720
28247
15888
18205
18316
23979
10421
32172
12889
21557
23887
12058
13384
28823
22841
36369
19092
25037
9296
4952
31186
9456
7732
8404
31032
5616
20305
20300
16387
12870
10730
23082
21902
27804
7052
29755
12314
22969
33784
12982
13939
15249
30540
37214
11958
17956
30953
19240
26728
27355
12239
17361
7001
25305
31112
28508
10571
29248
2764
8055
12783
6662
15947
22862
4570
35344
12181
3458
10335
33005
13067
13642
2727
4115
6762
33944
34192
13691
27151
33421
7130
1491
36732
33144
2604
28310
18968
26934
8194
22934
8543
22556
895
11996
19225
6889
25935
26565
6046
3425
318
11899
36929
3545
17298
989
9133
11400
23351
4827
15795
2107
10729
4432
17727
33593
180
20787
26549
26771
15666
24069
34499
5054
12362
15691
30750
8204
14782
33309
16712
27020
5630
27730
28294
26470
961
33849
36274
36416
6060
37496
22535
19329
25909
8733
29809
32787
20855
13920
10299
18293
27395
30874
3125
24060
35406
4605
12585
32413
16422
27765
34585
23041
6552
27682
29480
25320
8345
18914
18908
8057
443
32479
10153
25926
14309
23186
19821
24058
8373
32590
350
18686
12221
11962
32569
7471
22036
20690
1066
37542
22702
32263
8535
32993
33328
13885
31326
19332
16948
2686
22778
8290
24864
17109
19398
14968
28900
16775
20272
4663
6545
8424
13906
3134
3855
18104
2640
1890
37055
5981
7457
9621
23404
24780
2334
30917
17715
36071
18583
15493
5792
544
7149
10202
23701
7396
10277
31221
3857
15543
30357
33009
37034
4882
4664
4729
11846
18857
5086
36808
25412
15829
1794
33279
1803
7082
31332
9606
8176
32300
5980
22179
24217
15196
31169
587
22482
3927
12255
2619
3956
21472
324
18515
20579
25184
3614
9192
8771
7518
30350
17639
16822
26286
18601
6329
6906
15618
26388
27292
8739
17739
29735
35320
14835
19774
3933
20994
8643
11891
30025
10844
33475
18049
3090
33067
21207
14033
6996
9782
36593
3697
2623
32385
23375
3834
18548
7164
3272
25957
35517
31721
17741
1552
37127
12961
4039
16167
24404
22475
33644
30518
13054
27443
35664
9903
14360
26737
20051
23627
7803
28585
15498
16162
1938
28910
7786
22518
28273
32513
222
24867
8030
33337
33824
24573
15910
19792
22320
30828
16547
21977
29801
17314
10626
11608
11968
22338
3547
6991
28176
36999
10863
7456
14256
36727
10745
6526
27408
6800
24119
24520
25420
35208
6093
23355
37061
7386
15601
9946
24180
28302
17341
18744
1932
30525
36340
28518
26120
21406
25631
15102
5842
18362
26606
30869
14727
37303
5569
5574
30282
1431
34937
6896
4765
900
33870
15322
943
29587
21743
31723
12111
29222
25671
28958
18845
2087
2160
22216
5565
24009
4040
31816
31242
34013
788
15406
13660
12133
34084
19436
36537
29459
36104
865
13584
13095
949
22374
11299
23195
6722
13898
33159
10272
33274
2878
34635
21850
27364
18005
295
17156
33515
10935
36666
28432
22616
13391
23154
10388
18741
34808
17032
28744
14066
36188
9321
3966
344
32913
10050
5643
25802
28538
15701
12109
32790
28428
9110
15203
22543
19293
36481
30589
34327
5949
4941
25034
35194
20932
31267
14678
32349
17078
24342
9263
3055
32908
10756
29308
37064
33430
22327
25389
1248
33936
6054
36570
23009
30853
1849
37640
12222
6361
632
15763
25690
26924
34624
14093
5482
14251
21386
9216
8887
15045
14052
23390
16662
24150
4256
1902
27172
26088
12459
9739
34130
14999
30144
29610
19856
27932
36207
9158
21117
11136
23779
36986
16527
6136
2631
5922
23929
6441
23503
18984
1064
31356
13946
9312
16502
19387
16242
7417
7872
15656
15049
17834
25637
18938
19328
28985
7379
18943
1185
31532
37101
18864
4526
18107
17842
9647
24818
24370
7819
23754
11098
24651
18794
28804
861
24484
1438
23562
32329
31339
10770
804
12180
13111
3551
25683
14401
27209
10301
30741
27772
15886
34433
18909
20496
25365
24183
20946
1479
25104
26857
17595
26305
36068
15416
15341
28776
35586
26615
18095
3727
7066
4562
8823
33609
37132
10691
29998
33855
16839
19795
27126
15395
16129
16663
6566
34079
13033
26536
12581
30560
32113
13476
26973
32663
17226
26074
23794
16873
27467
30957
5671
13323
31004
6965
17668
25050
3047
25580
25772
20437
20260
31579
30771
7283
32297
5164
816
14146
7423
7973
32384
13593
26170
26383
32268
3688
36981
35184
14342
21839
11362
26361
30122
7401
1393
9733
22561
34161
24512
34991
19373
14034
4439
10562
15167
17134
25877
35995
3549
37318
36377
30444
13389
3315
5558
31511
37299
1369
2267
6780
18855
35515
36058
16508
23930
21908
19604
17207
15943
14437
13582
27446
4807
30293
17800
14103
9109
34236
5437
22852
21370
683
26191
9141
3441
27937
20082
13086
27234
3052
23152
23915
33226
34669
10379
12676
7148
19752
29874
26681
10178
37152
18398
4427
35164
36421
13422
7978
7033
28642
18652
31898
35363
20039
12614
26562
29948
14763
26037
14495
32524
18190
22050
33468
13540
4831
23748
32693
4255
19026
28805
10460
10789
1728
19218
3593
3702
33695
36826
19584
692
18282
10516
37602
2784
2989
29104
5240
527
33507
1290
13676
19247
5901
287
15510
32620
5518
25190
25135
17654
1675
10584
14524
10023
12850
37699
33448
10327
2014
21197
4407
24834
7172
36264
12515
15898
30103
29860
29053
34432
29666
25523
18847
21667
17646
3413
30895
2002
30541
27440
5422
5436
16331
14068
24826
5040
26718
2257
23037
5265
4055
17820
35655
37006
6439
26276
7577
8049
12339
756
6927
12518
28741
1392
28988
6826
3918
14480
35957
7766
21836
35391
16232
5478
7484
24403
16735
19020
37362
29474
29242
21505
35901
33280
5929
4247
5827
7985
27861
29718
31808
1197
10647
25827
10324
24983
31533
31829
2732
31742
5669
1379
18582
1337
34680
17564
5387
37315
36925
9354
29084
30793
21329
146
12187
27468
21561
32401
5944
8922
2264
