14644
7846
12594
18308
4771
19445
34394
31276
37169
24488
16073
12908
19355
2675
26232
9425
15964
6164
205
21734
34012
34225
8439
31755
12491
7756
3597
3355
1191
13426
5736
9076
21590
23189
6899
15195
17778
36539
35738
5258
32335
25842
11538
7619
12678
36016
28398
21048
12989
20975
8040
477
13863
17972
18435
8801
7501
8906
4052
26756
33604
24938
3657
26143
4385
11661
314
4929
8885
10020
22032
37150
35283
4391
15546
25334
27631
25899
22447
1125
1149
10223
8785
19832
19767
37410
3505
10227
26768
19248
7246
3070
27836
31820
14468
33123
13837
29667
20011
14405
18194
21479
8473
28280
9869
34478
4622
29947
28554
35376
21916
19333
13997
28993
27896
27016
282
2209
33064
20799
4538
6469
26689
12555
35305
8781
12411
37022
2213
16011
25931
23584
31756
25164
34815
19620
24044
17615
9972
11854
9707
9283
34122
18679
26672
35895
7747
30080
15712
35404
1755
36459
6706
31282
10706
11301
8215
12595
32372
35645
19707
35811
36803
28932
12289
8673
1406
1603
24506
7866
3000
16570
11505
993
26511
20777
1155
14699
27339
30587
29251
15473
25413
6551
29776
30886
35603
32818
2558
17297
20119
9286
34073
28277
20311
17185
6769
36730
30284
26778
32462
15831
10972
13881
9205
8431
27189
27357
24478
35077
31350
35643
21959
36277
14274
18255
31677
3353
12786
27495
3281
26955
26268
37556
12042
37365
20135
11088
34871
13155
19522
10359
9275
36943
20131
2879
6760
31618
20016
3384
2574
1986
32861
14014
20926
33740
25755
20275
29027
13832
14273
34480
15577
17146
27372
36935
28847
27305
8441
14229
31212
20734
18007
33945
5600
15629
22141
23148
22541
3518
30788
24417
35325
31768
2495
32640
17219
18812
27423
491
22039
12552
36063
19838
24583
9997
11692
1172
23446
2123
7990
37550
2008
19025
4759
33197
36681
20788
37276
32966
17775
13478
5806
34921
8223
5090
26255
30231
33190
1722
1058
5703
4956
23563
27731
11737
3698
5721
5649
27644
36482
6364
1593
23184
6363
7011
22743
9832
29794
36566
34649
10417
7024
31923
33900
26315
25949
14463
11344
7000
30442
27518
15283
27013
9138
1101
9908
4219
7199
9966
21926
30431
15737
14710
9256
4345
1883
21789
24021
31624
32764
10293
21663
11676
36164
11932
10788
23441
33590
17550
21445
10451
29442
4430
11738
11392
18280
17611
31465
23569
26853
11050
15407
17529
36305
34050
16996
23853
4915
3217
32540
3589
1621
32374
28657
17578
28848
5775
16526
27577
24276
21388
20492
28009
30035
19100
34701
3185
10655
12354
23326
10429
16150
31548
22589
1045
15992
4563
782
17090
5102
4863
700
20111
26151
25145
24349
5173
32226
17049
37507
34597
19816
14474
25088
26831
1324
10925
4109
23533
17840
11293
1174
5773
23230
11325
8836
5394
10480
16610
35838
20598
1509
21761
15235
2898
36616
12225
5178
1278
6182
21006
27721
23642
17172
26455
22687
31229
9057
37369
3595
12056
19852
31447
9040
26974
21951
10113
13171
21424
23363
26093
17196
14305
13385
27923
16018
799
36649
18526
36824
18337
24068
32692
447
13703
5425
26578
8379
22140
29868
28865
24020
14589
31216
16779
24681
3433
8375
25295
18748
15702
11292
18492
18868
7437
10142
14612
28982
15784
25133
24719
22100
15243
33838
32298
15491
3088
9187
4731
23780
28525
24550
30312
20503
26811
33091
35973
17917
22166
1170
28071
29823
2068
31369
21364
32771
33395
15630
13787
32016
28359
30477
5165
15248
13156
28851
7755
9959
18175
12035
10902
35181
13409
18330
28025
14518
35987
34848
21592
18464
6193
5409
9048
8711
30265
23591
2812
4376
496
801
19576
17170
7153
5008
27060
16995
14701
22591
31425
14832
12383
9592
19560
31324
2208
13253
26312
15506
34877
25080
4043
12831
18456
37499
3642
296
11121
24244
18096
30337
1595
7282
36525
24643
9635
15927
14981
24385
28680
34642
29756
32496
24815
30453
25359
5613
36402
37350
36989
6538
15501
3839
12673
22842
18144
26146
31285
8296
11243
29095
21298
8008
19339
666
36625
10252
6053
24459
22029
129
19594
19804
25666
26349
17288
5636
10792
2382
21123
21242
15915
18840
266
17581
27002
6020
35506
30084
7331
10360
12390
6805
5005
35953
16745
14453
12477
2694
25063
36816
8411
37481
21461
14563
695
1998
7032
33790
5533
33620
13379
35380
18149
8261
10971
36232
10349
13924
20604
13102
3577
30391
13283
7364
9574
13986
6317
17283
14435
33687
25445
24171
32383
7097
20784
5555
5218
28915
19497
12546
29650
30752
36694
32491
32277
30340
7168
9152
21231
26417
19521
31380
32107
2460
31347
4797
30460
7773
27108
33570
5271
10544
10235
35678
583
24089
32228
25283
26965
14935
27959
20760
10963
36530
11472
11713
31954
11205
20127
31911
11638
24765
14270
18573
30167
22734
15837
13599
25476
15001
3963
16411
24976
29012
14180
2850
21302
26416
11551
8238
20955
30921
30901
4261
2960
12707
35284
17587
4478
16546
6666
10717
9424
22139
7286
9469
9353
34078
27773
31795
21062
13238
35115
15634
1917
27190
27336
7157
34124
18424
5750
33158
20040
29989
23580
11896
31493
22342
27568
5234
11617
3514
12207
25378
3676
15423
32470
37658
14974
16059
35180
33281
27850
32874
13236
10112
15096
26096
4114
29747
29626
33267
16286
16195
4607
24672
16081
18542
17565
36524
35788
22492
25250
15383
24272
10508
11693
13784
22249
19959
15857
33808
8657
15490
25217
31842
8780
141
15605
19824
33960
6946
11599
23704
28588
30568
6814
7922
29422
14008
25830
2045
24810
16432
33618
32579
30201
21711
15470
16702
7885
7796
34125
14931
5614
17113
4142
30422
28549
30132
7853
18985
7182
22974
13668
15257
25052
29660
19711
16338
36580
30724
19369
3511
2170
29789
28399
17168
7965
273
19966
5461
9188
10686
24751
14084
22620
31012
13248
8571
36626
29214
7503
7854
8680
5545
29374
11999
35288
29520
6006
11084
35786
25236
26746
19233
10159
7899
1245
14823
37298
31433
37631
20923
27788
2376
3021
20756
13665
7573
34167
14155
25682
6841
25976
31661
1478
16850
37538
22222
28620
22538
3148
554
28740
23199
32990
27771
34694
22547
14690
31146
30826
716
14054
25406
12267
19210
33803
16219
31219
2364
5591
22098
31095
26229
14957
15071
4435
4355
34789
27605
9534
7791
35905
30294
21463
34939
3950
28098
24630
34328
13146
32032
36811
16962
35341
19277
34493
23479
13371
6733
898
15727
11277
244
23717
21649
8691
36206
8999
17047
27704
4990
8332
5908
4974
30423
1693
16483
27732
10787
26888
9387
1719
20518
14893
9923
21543
1785
14922
23725
713
18851
13336
23194
20921
33385
28468
32550
37516
32168
2601
24783
2436
34116
20559
1679
26113
32868
1091
33699
7485
5839
29987
9841
28651
25136
7340
20809
24598
9295
430
4482
24944
3780
17271
33183
37536
4081
32295
21480
2223
17585
32301
34325
19834
3121
10130
27342
36020
2205
21679
14667
9104
24775
31706
1857
24367
33706
20731
22771
16265
12655
15068
14936
