26031
27786
25559
5227
1891
24600
28174
27026
35826
110
8505
990
32798
6373
25083
16773
7412
31800
21027
33147
37504
3089
8698
6184
10775
31340
12096
15189
513
22676
2091
4673
19192
35111
35142
18422
27852
348
15443
26056
7668
3500
20452
9246
30123
10425
28350
27996
27525
3669
33516
28474
30295
7084
10290
36575
28903
13184
4649
11312
30746
6958
14566
35679
27406
29681
31145
12011
16729
10300
33076
114
28160
25278
8444
6779
26131
11662
2760
24684
28151
28269
13394
7188
2297
23858
16642
19021
31673
6943
26319
21233
14230
30137
22075
4404
35326
5385
17679
12315
21717
30707
32694
22173
1430
25411
30730
27821
33095
21528
14011
6304
8257
26860
31162
23935
6370
16449
7776
17216
6624
15699
16747
23364
3283
8697
29107
22278
36157
2196
10446
2236
36563
17436
3873
30015
17451
16160
25993
15410
21304
14214
19314
9504
24105
19623
7236
17114
4371
21405
16236
29179
10816
2932
20025
4364
18659
11975
18721
12586
15382
27811
18083
19157
33827
10731
9861
30017
17827
143
2120
17476
26123
13132
16128
32130
24920
30784
29317
17852
32883
30228
22065
28257
23169
2724
18734
36728
3643
33795
24916
18001
7744
34568
9644
30075
31613
359
1138
16501
35970
37388
37155
7409
32895
13950
10583
34162
32154
12528
32360
28084
11906
35514
32824
16294
24195
5577
9537
10470
25218
11578
30427
5998
26472
15556
18439
25721
6673
12658
37032
11427
4754
3027
23126
9038
33622
478
10762
34217
4782
21713
14301
37476
31264
5821
5867
23742
8542
12429
36614
23002
20874
17893
15289
27641
14260
30170
18079
22930
9886
10180
35066
37343
19003
23440
15685
12721
446
620
5957
18348
35399
25355
8203
34457
10810
2147
30572
28979
371
22586
1398
17329
15695
34997
21093
31172
33060
12751
18675
28124
13356
6581
8894
25500
10801
14005
12131
301
5676
9213
4127
27700
5156
274
25912
32763
12350
13972
23132
31017
20313
5772
32211
30005
16246
26745
1997
20807
19958
24958
23201
9744
36793
25382
28707
12345
18090
1439
17989
27199
28566
5309
16417
29769
12504
36546
33039
18078
11590
18531
25542
33531
17591
5378
32791
1657
16706
13346
7015
13746
31474
26983
8816
32155
35939
37668
5717
36474
22710
26741
32996
36065
22835
34842
36438
35287
35916
1097
11246
8955
28544
12343
3838
13217
33864
2381
35383
10462
9379
11336
14824
28688
36484
35899
9850
17027
3959
6065
35257
28963
7940
33048
36651
16359
7580
33592
24746
12795
34926
25841
11501
6963
27823
7751
7908
34373
7606
30069
17209
37252
11161
6886
23118
25229
22727
4554
16855
30681
12335
18077
30
5807
26440
5396
30194
22693
32485
1747
35494
34077
31600
26587
24748
13107
33438
23268
36310
7703
12686
23669
5753
28802
25160
4420
18474
83
14037
5580
34588
36919
358
12142
28403
15696
1807
4141
26651
2539
35449
10230
34560
11721
27422
17952
32458
20642
22293
12758
3925
18204
13813
24386
20273
22018
6321
13511
4503
13780
32602
11954
23698
17162
25848
37188
30369
35924
2507
32262
11731
1144
13628
29639
31359
27131
9664
29706
31651
1835
7110
13140
36813
10928
27564
23953
12963
35842
20979
33297
4888
13498
16237
8245
6069
8183
23328
17882
21821
36147
26872
34769
18343
7329
24802
25346
22407
30996
6021
8392
35187
21507
27490
30260
25628
17044
13550
34720
27451
22951
32574
12734
20543
20195
5365
18528
14331
8522
32313
4523
29530
3635
12166
22658
22696
30619
12764
34580
12685
13108
30647
30316
18305
22091
4714
9564
5398
35457
31003
4092
13983
34742
20139
28408
23845
27594
18179
26112
4389
35492
994
10711
2753
27889
7887
5334
28427
35448
21960
30527
35357
787
3216
18989
19993
29098
3061
942
31442
10839
31896
6777
28676
23949
4540
4519
18498
22109
24104
14848
18584
24164
5899
18704
26164
26340
4163
26336
28540
29375
27734
22194
13736
36060
28539
21841
37186
6855
25743
10628
35818
11267
28790
8415
27647
12701
30728
10022
11895
8384
30552
4552
5893
19429
9214
20548
28558
1309
32605
8069
19902
35356
8276
4094
37284
5094
31938
21221
7592
21886
19327
21133
32662
7714
9477
20853
15545
22772
9608
7038
20212
22025
10053
16297
1796
5718
26297
17158
22512
8256
24088
22319
24835
36915
24256
14818
13319
4031
16480
1759
33726
31488
17947
15221
17144
30010
33549
35246
14410
20817
36836
22120
19013
27726
3623
21631
25831
72
22232
9760
30213
4993
14073
31035
24074
17295
15034
24258
21442
8128
25598
14225
34008
14654
28810
36390
32762
15816
20538
18837
35874
27612
13307
16418
14109
37070
23685
35161
28169
31631
18967
33611
12055
31450
15099
19624
18128
5270
11753
11900
11397
34253
26203
37468
29575
8839
36753
20426
26129
32428
12779
28813
2318
17074
28836
3308
17026
31436
31446
32220
21963
26478
19525
35541
24430
4571
36907
1504
30620
27288
6785
31083
19942
13694
14703
1413
12444
18447
16918
4186
17003
16987
10288
9541
8558
2743
12806
7688
16225
26503
5412
3900
17270
9001
4991
34875
24623
15161
35234
1556
33732
20375
8427
9091
18018
3265
21885
4791
27615
22466
2133
24853
28976
20684
12347
10829
25226
3129
13049
31024
36204
2787
8185
17143
3738
11265
14509
2222
20633
7657
26103
36673
28840
4564
22629
1936
15632
22409
25449
14152
18222
30487
11726
10860
37247
4398
34346
10009
31177
16627
23956
19099
1540
20391
33686
15654
14856
26517
7975
33966
737
10021
28511
35484
29309
22086
19502
4576
8721
21211
7281
20460
6311
20580
25294
456
4401
4936
9507
15739
498
36161
29960
7296
25429
30458
32396
35125
8174
5039
8760
21873
10781
37552
37402
13357
5163
11820
23059
33344
27047
26713
26330
12020
11350
35463
30408
11557
14979
8564
23699
20892
25493
30776
31762
20959
8782
18727
33518
32059
19155
31029
2651
3818
18397
5492
36863
35503
27513
29773
18075
24110
34139
35353
16602
27684
34367
1405
3295
13065
19571
9345
6932
3094
26083
31888
34776
28664
35242
17891
9384
24900
30526
37500
2432
18756
19599
31482
12959
29884
9654
21342
26829
4386
13454
8978
35572
9327
21183
213
29030
2783
18955
33992
30060
13743
10825
12716
30044
14676
25198
16531
31874
33224
11141
4614
15168
18823
21837
16447
16708
19944
22363
20157
17400
19195
23543
36156
33080
19034
15303
4922
20550
5988
23214
4923
17460
19302
14862
32649
28003
4294
17060
29385
31438
1376
2791
23075
2315
34703
8526
13537
23394
12
13650
5782
8236
13378
20416
34602
22092
10811
3411
6088
20083
19363
30824
7151
20936
27385
5283
8423
35046
6000
18413
26220
26733
17943
7376
10160
24216
19269
22810
37620
10283
6707
20309
19276
15042
8109
37097
16513
13568
10818
9517
16818
36159
37684
11313
17001
8095
9194
5786
9896
26583
2888
9859
27935
216
31856
1551
13855
9904
3264
1157
16243
33239
26882
16783
15871
23735
19528
22824
11262
14064
404
32288
37047
26054
8277
12101
32956
11778
1403
5192
36976
32947
6116
25023
7881
15862
14783
14807
35926
21842
29725
18801
769
14744
10891
58
6883
28076
14461
37488
22709
9982
31362
1391
14721
3632
22148
10450
8086
23743
2111
18110
1799
11447
3105
23829
14268
34413
451
22079
3576
4850
17704
35938
2429
25797
15615
16368
23131
11486
2560
1270
22542
2795
24640
3340
20474
5657
7650
18388
15089
12645
9119
33625
17372
777
16491
29595
30811
3139
3017
30479
26100
35227
13221
33345
5819
34305
19757
29427
37327
17878
28250
2478
28613
33241
7883
33386
20563
18522
678
28531
214
23844
8773
33093
25539
13079
18476
35107
986
27308
22523
31422
37458
26577
6302
35830
7439
29616
27693
22861
5424
35893
13470
7129
33393
1732
26683
20530
12720
18722
25746
28584
2980
2905
17944
22090
22530
11148
16061
4474
670
14062
12556
14616
36820
6515
12632
4557
34716
4631
16287
5619
9884
19505
24468
3439
21132
17835
4597
17107
29304
4849
29580
5476
22152
24524
19206
22350
33112
16565
16564
11750
1497
6643
12778
10058
22391
17752
34279
19782
30695
29638
37042
19611
3058
28361
16183
5804
7381
11280
31088
7120
1436
20450
6024
27332
30929
11563
11697
24163
1053
1546
7020
30690
21628
19103
34421
30602
16675
28576
33550
18719
24013
1
22900
2656
24809
26798
12679
32316
13894
27146
22044
29671
19023
32311
10394
13161
1533
17228
20036
14962
29425
21523
21978
2324
4244
1958
21160
33417
26302
37593
26485
31038
30844
4409
21440
18893
28837
9124
15542
11952
18244
16528
28794
12574
13969
5635
9083
4642
30366
1736
15417
1911
13749
23726
34622
5124
3373
30177
9871
14124
3848
12517
19667
15684
10866
22445
26363
4395
17758
8211
10639
8105
6494
34754
32875
23925
37274
36430
32134
10815
21645
21139
27609
34930
36604
6463
25288
8766
174
25667
12725
36165
4375
5598
14481
24252
18681
21306
21208
10422
21654
21771
26502
23030
32250
10030
13554
17062
24304
35672
28043
27698
12452
9362
27837
34021
20177
8363
22
4307
5052
15938
31346
33814
28817
14276
35975
36348
4140
12578
29818
15214
22714
36007
19074
34795
36465
19007
22961
15198
21448
18736
1976
37227
21413
9810
3370
8841
13735
16114
2401
7232
19029
23975
10917
33797
17438
33521
23107
27078
6128
4196
37228
17833
26936
2227
29359
30344
23792
8883
21666
2908
16120
35640
2210
4309
24768
4962
15428
12118
2415
7889
31475
23924
178
20197
35711
37328
31860
21800
19057
7036
18518
37358
27245
21723
36802
1708
22508
27941
20421
3870
25501
2634
33704
26796
31831
32591
10481
28467
35657
18750
28706
15688
2031
1167
5110
10346
190
18695
10455
36961
10392
21808
22158
15324
3575
19727
31001
27917
15187
34987
22944
29974
27764
7571
13893
8828
2730
29009
2731
13793
33447
25549
24033
19579
7572
21327
4045
22495
36419
11133
11402
12176
13234
36457
16262
37137
23638
26677
15380
33948
23419
3305
32249
15565
14640
33785
30085
16865
20223
31904
15997
20736
9720
9349
21785
13383
17187
4702
31411
26547
30207
15092
858
3322
10952
14303
35458
11840
22921
24065
35567
25367
27200
19713
5639
19945
3494
24754
26184
10291
9634
426
4740
28521
6877
23842
17783
19045
15772
19510
23681
15519
15504
36938
36021
16876
14799
960
27853
19844
13039
5174
1151
2584
13516
16002
31464
1592
34029
17756
19523
23065
13176
21392
3253
21257
37667
4937
34518
20791
33917
20832
12124
37368
7997
19234
5350
20662
32281
17884
482
31901
34062
1090
30899
29190
2682
15735
26427
25889
27611
23770
21452
19176
18277
32101
18600
12875
20828
34323
15209
32192
30547
11560
7532
32974
9220
6594
32493
16054
21514
32157
8158
2036
15511
32151
23388
12869
21521
24231
16559
17828
21407
15044
2550
9120
31817
21757
386
28013
34943
28366
24469
2839
20110
28561
28158
2255
30616
27555
1338
32929
20178
30675
22742
22751
4455
18393
30938
7017
31571
18415
12062
26387
17065
24324
8966
3842
4603
32430
14042
16343
31002
10851
27488
35689
5390
13909
14680
37527
20410
19941
19323
22990
24396
18240
20957
35361
8878
8197
25130
11807
9363
9736
36995
29196
26385
31272
9097
36022
23628
20775
15444
15245
18003
10942
27974
21967
5576
9440
16571
28728
18203
34796
37036
664
31323
6799
8457
32438
28614
25801
5050
32042
6104
36865
8907
13823
5646
19403
18336
3772
11802
26127
7665
22769
4265
20085
34981
27138
16639
27963
967
15998
6985
5832
30661
5281
24266
14200
1534
2977
468
7333
29861
34105
19586
29477
29899
27248
9593
24476
31644
3303
3038
27087
25222
6920
32171
25199
22360
21598
18131
23330
24559
1915
19469
11100
4645
2626
22605
24548
34182
29891
2871
24364
3459
1726
34888
19815
4711
24482
1366
1868
35413
28260
17527
23995
13461
4907
36001
25588
20860
8707
17512
20480
11372
12473
21296
31620
14797
16468
18341
5918
33739
14100
18916
9911
36702
930
35813
22066
32179
6913
29971
36937
12821
30210
23089
14813
37453
37645
12483
33043
1241
6549
10078
26570
26260
1348
36823
2435
5327
28751
32264
12029
23198
34006
29637
17558
6162
7245
35884
28276
14533
23389
8018
18543
31643
22646
24562
32477
1912
32731
32703
14810
6801
25211
22155
22571
9405
9288
25366
23313
6679
34843
5690
28888
12693
28312
27105
5003
9418
11160
18191
25951
3962
17073
35155
17764
10716
7564
19318
27140
30043
3165
20397
16189
35733
12896
30197
12662
16550
22707
3706
16072
11912
7655
32461
27487
24922
8651
28791
162
2168
20072
25316
13926
12781
16115
36688
20751
9260
20626
31875
17534
4947
25786
6503
23865
26405
31458
17906
26754
8962
14168
6912
215
25003
30272
10473
10489
550
36796
12677
22827
29318
11149
14677
19927
24243
17663
13477
30472
14581
9692
33325
10514
25674
27845
3099
32683
19319
10123
34487
15085
34001
4976
32201
23917
22023
36411
27176
8032
19338
37197
36678
9380
20346
10545
29484
22125
32869
4201
1481
18754
12836
6
27064
11594
24179
5823
18400
14508
37401
17526
29649
7239
3186
5296
10912
339
8081
29257
36766
24852
14874
16636
32420
30249
8366
29007
4413
23992
26233
20508
18766
21098
32585
9437
24985
28656
3666
27819
13332
23063
23696
37370
16270
11914
33892
13876
36781
2998
4531
25604
25376
16862
3391
12293
3827
15456
28148
9702
25347
18033
21925
13228
25158
17905
20883
8500
23335
3158
35670
20316
27904
22472
30336
15740
21010
29437
30285
4025
37487
19569
35628
26817
2942
31262
16692
1015
15523
23955
17401
27847
18117
18299
31097
30514
3043
9054
35266
13256
8155
1639
31760
33694
4120
20054
28729
17851
27179
36538
5047
32478
19631
36119
19104
13200
36149
31799
30643
3634
24997
34442
19986
15337
3196
23346
27677
36554
3958
25467
5305
27178
9381
2633
35352
35237
34851
6418
19447
32909
26702
4930
25495
18174
14386
31279
11940
13255
14243
25852
8393
36833
36485
16630
8104
29901
12471
32817
29299
29983
34963
25228
31780
7441
5831
12309
3464
24685
31243
37546
31241
35862
18872
12828
26147
13092
31595
31167
32553
16651
24356
9470
24656
24461
8982
32594
6811
35969
24555
7495
35387
22450
31849
15797
2997
11339
29591
21542
18086
27501
2822
22390
20113
37386
10982
29969
31922
20660
27805
20601
21790
