8356
2610
18395
21854
29394
4368
8120
3426
35676
9102
19457
1160
33134
23469
12274
3206
14955
29395
862
12067
25767
14878
7004
10340
24075
25766
35175
7328
28007
24111
17342
4154
7189
10936
2187
23272
21129
18854
3590
35570
7920
13868
26115
1789
20593
22783
36544
27849
33912
36987
8873
10479
6583
18360
30023
2146
20551
26138
7664
28185
21096
3312
11207
15552
13047
23379
26838
30394
22671
12830
8449
10182
24338
27090
754
28142
8231
37075
13528
35705
25047
17984
23160
3777
20999
25201
30471
4593
11524
14348
31142
36130
28609
24264
28833
3221
20815
35543
13706
15368
13819
503
647
22888
13640
18391
13263
26870
25529
27888
34146
10173
8595
35251
16147
8768
12906
18730
32530
33137
20248
8406
34636
30086
7201
9089
2854
13714
8121
30710
12564
2809
343
19930
3239
23670
16679
32282
33971
28091
1175
16486
37308
21485
32618
26821
18685
28101
5000
6271
32581
37655
10188
22030
297
36173
33501
31416
11901
28953
16021
23596
3119
12500
1954
26911
34908
25379
29976
22478
34721
31851
3890
17252
14847
28097
35844
23588
32587
20830
12675
5458
22339
5076
16004
22855
13099
10047
32421
23567
23788
4774
7200
923
29135
10561
26179
23123
922
10143
7702
28536
35829
108
7403
29865
29420
15815
35696
23774
192
17844
16424
23490
32100
9237
18729
2805
29430
32839
2434
6818
32889
4417
6766
6089
17706
37270
22375
21391
17540
36968
21114
964
10785
12490
19530
18438
8209
29067
31996
17625
3953
5299
31294
21009
30158
9086
22093
26575
23673
830
29852
6268
36343
933
33552
7115
11229
15288
8746
14602
6157
10535
35932
20486
7124
35306
28634
11614
15667
30890
4871
34657
35221
15907
14719
35807
13827
36249
23961
4828
36518
9985
1328
2080
388
33457
31401
20189
27648
29215
8514
6209
31626
23414
35972
36241
21714
19337
30628
31570
35154
8786
1119
36926
25407
11409
16436
10859
32245
33087
8692
2948
22162
20368
32880
5112
33743
24085
32657
26686
18254
24563
28580
19686
31374
690
10057
4986
21005
21307
10367
10776
28421
36424
5845
1023
9357
31430
9319
501
7738
33652
13499
7205
30881
22726
30290
21688
24502
35907
9266
36814
23755
23649
29426
25728
99
34020
29882
4190
9706
24821
22940
11878
19326
7685
33045
14044
7512
33830
1009
12455
7644
35473
32093
11021
22618
9657
3509
4390
14026
5157
17613
29031
24901
17212
4104
32835
33108
13572
16109
22366
22247
18416
8101
9730
14110
30494
35424
2004
2331
35324
6691
2545
412
1948
12620
22949
18309
18533
376
8482
14715
26209
18589
27206
16096
7568
33011
22167
26810
27526
19911
16644
14423
31308
33035
28066
29866
35000
10650
6910
35784
35131
35469
30694
34345
450
21053
26601
7315
35965
699
2171
26413
30796
29774
13502
12229
18349
8433
37141
30245
9789
35556
30515
12202
758
23337
36333
11668
29831
1469
32104
15086
29574
25710
1428
497
34030
1801
5441
26703
24712
35971
12983
4457
28077
32637
16012
12936
6221
36955
22801
4679
31777
36182
6849
14289
28925
19308
26497
32292
15166
17163
35817
8969
14488
15025
31972
19167
22226
23044
25648
20698
32261
14194
17238
28665
18915
9066
25594
15369
8273
4161
16016
21954
26504
27068
11441
10754
12019
37541
29615
11565
12768
35821
13337
35959
2100
30307
11540
17217
20839
16581
35407
1882
17528
31507
36495
2430
1988
6178
5840
24777
17152
5330
31715
33340
6980
13999
32892
35439
2020
12402
24053
17151
33243
19495
6273
20283
28423
28734
37440
4440
15876
1200
24102
17738
18123
37085
34685
7914
35230
9785
5426
27657
15481
35942
31863
27312
1353
1307
3062
20097
37592
23892
26221
32419
4542
14363
30364
33424
12329
33527
6286
4012
10036
15284
25180
22301
31190
18591
4705
11955
16179
439
36725
6256
2864
596
28897
9698
20841
22480
4860
25857
20745
18696
20208
32606
12732
9309
5105
8096
20846
13152
19789
18318
1599
21135
28806
156
15105
6097
5754
6571
14012
17979
25679
15409
4560
1656
11642
7073
7469
26169
2868
34676
34081
4908
6086
20431
23310
1523
21513
2309
13795
11324
15926
22231
22787
9402
16001
14299
3496
32351
21892
2792
6242
686
13713
4338
24957
6690
26526
549
35900
22165
460
11193
29628
783
11068
10337
7240
25733
31013
36912
37209
15680
25
21214
37628
5536
13466
25388
16851
12858
28947
1537
30915
2025
31880
37194
21622
17467
7251
36797
8726
8310
22398
34786
21662
29919
540
17589
18008
19787
17932
30954
11744
10034
17492
34109
2911
18509
22891
19331
28622
2496
13401
4325
16624
34190
34368
31653
33250
11256
33442
32058
24409
6719
30415
33970
18260
8812
28954
29472
6550
27374
25143
28490
27088
30443
26843
30963
32289
7274
23648
10926
6972
2259
10662
26271
9390
26524
32227
37117
7337
13890
571
22546
11965
22028
27951
30624
10899
27656
4834
8810
32152
4833
11790
6347
29387
24560
22557
28647
8902
28510
26999
37333
6677
28489
19866
30314
10897
14761
12947
34418
4730
4250
23836
29090
12467
28596
3249
23536
20742
21846
20701
21395
9576
14353
23616
21968
13318
3749
561
10907
35930
23102
26632
12137
12803
19376
15908
75
23295
13867
29460
6626
28878
7302
15144
17725
12848
10000
26290
26975
32050
7999
33645
24796
2139
33673
10124
12306
7534
5069
11104
13555
553
9121
31765
5500
37432
7635
4868
34919
34261
4972
35043
8409
2513
19847
29293
2402
20729
36960
18475
7805
4674
36224
8863
11832
26866
27431
21331
23165
24387
11998
11604
23129
35785
28839
21173
26725
27401
24016
15411
29036
23651
9499
17043
33398
26463
37354
18297
26515
16187
29043
37027
17597
30622
22886
11179
4838
32244
26261
21284
30544
17195
