2567
13729
6756
19154
23789
28014
28417
16485
27243
1586
36572
6455
30264
24139
23973
17580
30669
10487
3233
26012
18028
9919
24556
25436
11105
30417
25010
13252
35241
31318
35979
36239
7241
28645
35580
27072
7826
11101
14063
34128
18611
14749
20095
11828
11566
17596
17021
14286
7542
17574
19316
17370
9766
5310
35703
34840
31165
16562
8275
3761
18564
19046
32308
20648
3252
18147
12996
24953
2483
37692
2475
19741
22057
2683
25451
30162
27244
14945
14648
31102
1501
21034
30762
17600
3658
5475
1841
5344
28449
21950
27952
16320
29439
23086
5802
9705
34402
10
6541
26145
16020
13224
15843
33018
6712
2300
1949
5457
21270
10506
953
33003
6784
24336
15495
23555
10060
36709
4350
34152
28885
6491
6389
22858
15140
16801
1730
557
30779
25700
37087
30016
11763
904
5725
13728
36252
32069
19845
10743
7958
27843
3700
15875
29839
27390
18121
20053
13705
6386
8820
27043
9039
19089
15586
1526
13622
21416
35902
13883
29201
10631
19441
34298
25498
8396
20024
5920
22584
27745
2837
4669
29143
24460
6085
1924
30247
3335
5973
36113
19283
21914
3625
4945
34095
27282
12114
37043
27022
691
20625
9417
28697
5199
11273
36553
35358
25510
33096
32509
11983
28036
31965
12300
10712
10713
8390
31091
31558
32845
35171
17723
29536
18076
8925
12630
31674
33075
17954
34740
36921
21050
34326
24758
34426
24416
8570
21390
29011
