4916
34665
18100
28611
13119
4014
19890
9245
1987
29393
26328
17323
26430
2538
25225
4689
21613
30250
37694
29399
23692
21828
25089
25578
1002
17929
15118
25084
19500
27856
7625
37663
16929
18800
34861
11497
16174
27491
11555
2723
17560
36088
963
5914
35668
14843
12237
9491
4021
19694
12479
30714
10521
14402
29898
8486
14707
17115
19786
1681
17075
18983
5111
20752
37562
12892
31421
10657
7356
11826
9438
2308
5799
14366
3329
19609
14178
26426
14464
6479
8144
10074
9313
962
7031
36499
33001
15147
6700
11729
31133
13185
3390
33923
8805
10911
2836
26107
22703
194
23629
432
27438
8774
7504
21798
6341
13646
1503
1815
23397
2055
32103
12661
1321
8503
1942
7944
14108
12251
19706
15627
27335
19168
8336
23583
22625
11987
7789
11747
21436
22071
30943
14846
14171
23919
8623
11761
1895
20920
14262
36562
6189
35686
4946
7802
23372
32122
1396
32518
12752
11380
36027
6833
16457
9594
36043
28278
31005
22457
3368
25286
11086
24658
3154
17824
6322
31115
26994
26824
21029
17909
7498
6059
11287
1257
31987
22415
23408
20666
30756
19731
17750
12575
28392
34782
19701
14361
22031
27532
21593
1863
27116
9598
17403
26281
13965
17118
31633
28406
6576
26738
2237
29470
3039
30414
32624
13460
13979
17539
34762
4180
35989
2119
1001
22587
33536
18772
18178
32404
35268
36107
1130
36427
22198
17809
11077
4445
4354
17996
26005
11720
33543
3140
32806
965
3829
33204
24602
2811
19256
34906
7832
4964
33844
15
17048
32057
10243
35110
22662
9798
9467
16313
10164
403
5825
24481
2629
25384
11939
22624
2722
20925
6608
23429
20276
12510
17493
11877
1206
7435
23890
8165
33166
19005
19736
27585
24302
37021
29193
14038
15952
1532
31687
6602
20744
6580
23453
36266
5130
33754
32782
9817
22068
11645
2059
4298
10102
17177
22235
35624
18838
19111
37307
655
34904
21159
14
3418
20840
32634
7574
23895
18680
10441
21947
29745
19375
36718
35301
897
6146
21901
15638
25142
29784
18000
14149
11415
37678
9071
7717
5502
12642
13069
25846
36128
17126
30022
26879
3611
26618
31939
32339
28527
14210
29401
25396
30668
21934
5386
15294
30342
5994
4209
26625
19820
22396
28095
22938
33104
8167
5231
30029
14542
22612
12674
35677
7034
24294
34599
24341
23369
23833
36623
28677
4690
22191
11347
16126
4089
6945
15079
3521
31028
35466
24185
22890
36592
15686
18932
2197
7395
27816
36904
34103
33832
18737
9021
24645
31824
26492
13452
30309
368
32609
14661
22902
12932
28502
3054
593
26163
31933
27625
522
35366
13458
15238
2729
6206
28644
9806
4464
23219
26900
6003
14500
15088
9166
9737
98
2141
29147
4932
18459
19825
3734
5431
24618
8903
6344
9545
32866
12261
34297
14395
22724
22083
32459
8036
19145
11514
6523
13212
17132
34928
532
27313
34756
16922
22692
34651
5882
9144
34900
11142
10016
6592
33976
10284
33959
23905
24538
37198
14738
1619
17098
14057
22717
13519
25129
29693
