2894
25729
25483
31640
6939
11718
30559
31551
11888
37320
17630
28673
36687
6617
16949
1281
23687
8755
19035
36996
10461
26057
20228
21206
23902
2978
3472
16757
24769
30880
8066
16077
13
24924
15869
13280
34422
13101
9090
31403
20347
1823
10566
20128
13121
34924
28926
22573
33372
21932
8653
8533
6197
16361
31077
33246
6755
21870
16604
5056
17296
18310
24451
33312
1750
34068
911
28898
2379
25178
36502
5226
6102
6724
27049
4383
30059
2371
20125
8555
31439
16944
9508
36739
4146
18555
10106
19496
17991
18683
15063
28753
9874
16210
23660
25562
7821
28939
7610
35378
5763
10635
9485
6654
32919
36199
1695
15425
18164
9703
35883
12554
31074
11457
4919
1590
26064
3323
5612
35340
11915
589
33140
27504
15378
35038
11506
7967
36841
21478
25587
20371
7029
21726
31484
3992
14544
22263
3866
32067
23517
28726
16300
33008
31949
24650
36256
7792
20664
25116
18319
12962
13320
18046
31537
25293
15798
29765
20190
20229
20627
22634
31246
7406
36409
24307
5388
7974
35401
5808
13889
17079
10993
11118
7193
36595
24149
6366
6922
18541
35020
16518
25181
11572
14822
2693
36004
25892
4061
17502
33146
19969
18015
26299
36316
35029
6348
9019
1816
9732
32984
37502
1116
35718
16668
34835
17766
2708
11438
21366
8201
35040
18678
31524
9778
2518
4733
33411
33653
24824
4195
16903
5834
21703
16813
2224
4722
10017
21180
24228
27218
6331
9314
30605
25764
23761
18493
25045
4079
1208
9072
26966
3968
11982
8227
17243
3164
28937
16713
17040
1457
3716
29297
13302
30577
10903
35857
785
12669
22689
16921
33582
37072
5036
8976
12098
24925
8387
36211
17256
14030
19807
35392
35683
28618
12998
34092
4998
2189
20845
21393
24464
20847
14617
9845
1577
17345
616
5450
34337
7078
22269
705
26137
9514
22860
13250
8909
14351
31788
7176
27956
15098
4369
14046
23235
32397
10726
34415
35373
21896
21493
10795
11503
26460
28079
29707
11426
4911
24359
13233
33484
20065
21894
23809
6201
25644
15462
36258
1305
23713
65
7345
15956
30052
29910
26442
14938
15027
2659
12609
5399
6396
33565
28304
29920
3722
23851
23860
33428
6342
10939
11523
26070
21176
33117
33212
2692
20967
24355
30936
7937
10452
36878
15385
15422
19779
13299
24652
19896
35652
21769
27133
32445
33360
14907
13411
17549
22663
15877
12161
12470
10279
17918
32549
17554
33700
8612
32702
10642
36888
36928
10690
20216
15033
24034
4216
37332
34752
18843
8064
11783
32502
21524
625
31696
24551
23898
3379
23876
32089
34159
10524
33282
1477
25027
23422
23974
32110
35701
23361
32607
5605
3656
5066
6539
29541
13982
29832
14626
31320
23965
36041
36150
36789
16454
28764
16430
31615
10751
23245
12338
5239
35713
36843
28928
5992
22224
13324
14621
25252
32040
12565
37013
6652
16215
7742
12170
27636
14378
29361
16123
1933
26150
18905
11649
3616
33351
24791
27085
33997
27421
27397
28106
19780
37417
27545
35041
32920
14397
21399
36714
6688
23819
35499
23161
27744
10212
33761
28127
17938
13936
136
27587
22960
29770
7224
29692
12746
16671
7638
32788
9843
12777
35622
36456
27377
13993
21536
23298
6398
9095
8080
2338
35025
2467
12845
4181
24157
13434
8071
15777
17781
10504
18778
4113
31931
27686
23672
22142
23626
18138
31247
1423
36890
16577
7424
12991
14752
26950
30345
14389
16522
27471
24433
8513
19748
36322
11964
21727
6350
46
2655
20479
2687
906
13243
37251
7118
37390
25387
12319
18982
27134
30225
12086
25738
32930
25834
36603
27784
2985
31526
6247
6362
36146
27219
12409
34567
22603
31257
25269
29740
22015
31893
7982
4973
29613
18457
27630
37011
21781
37130
20023
4959
27616
10886
21583
1044
7734
28834
35737
15868
29458
6672
32713
30099
30727
5939
9655
31945
31767
32820
13044
2847
13680
8381
9290
19516
3719
28678
3327
29005
24318
28779
35802
27435
30328
33336
16534
15308
822
3279
21519
33124
1964
2148
15392
4718
21073
25673
1793
12327
31745
34482
20068
21909
24122
21736
29993
29603
32934
427
22811
25693
29473
27039
26864
5638
15802
17427
8025
13496
8429
10999
30486
32752
6767
25008
34758
14039
18481
26384
34863
31118
8973
18399
6211
24169
4647
1808
1760
18312
4495
27918
9963
12879
13351
33346
36760
16354
21040
25154
19665
12941
36327
12938
21912
20980
14821
23024
31599
23703
9414
1707
35409
37575
29965
33723
7583
26004
5644
30125
36558
35891
34024
10842
35974
9604
20146
18987
19380
31944
16520
16780
13987
30065
22885
3979
14085
16755
6063
11794
600
12223
21587
33036
948
6226
16312
7332
33807
20952
5516
13046
31671
23894
19501
13847
15649
22243
7238
9898
6075
31592
12592
32004
4125
34347
5407
16035
26316
32971
28501
19478
25714
233
617
25546
5232
6375
2427
27891
21379
33613
13725
1864
36356
9160
34290
26835
23227
37065
37245
35500
21605
5913
15083
15069
33153
26988
23396
13829
37639
36140
11219
12234
31697
3879
33439
18322
4136
18614
24081
5891
8268
21039
28401
22240
8319
5733
16319
37144
33978
6497
3803
9450
19178
9788
16928
19696
31011
25973
34850
3408
19543
31771
24861
37601
5979
9369
20378
30952
34342
31858
20757
18758
1934
8669
37324
25147
16590
31589
8813
26937
8139
36723
7578
24029
37632
25650
25459
17180
25203
21355
31801
35496
7218
17093
14861
15508
21584
20960
18853
4808
12660
33561
11131
18344
16104
21533
37229
36352
19817
7270
22261
659
22477
7696
2392
27017
15558
32482
5097
26869
20958
20098
9149
33588
21089
30432
34872
21353
7857
28547
29872
35200
1342
18765
24028
1128
33887
21840
1313
2802
22217
36478
17116
16736
35988
18897
4429
2813
34836
20103
11489
8532
33918
304
5162
36294
19979
30076
13892
13815
5213
19456
37295
3679
6577
35598
12002
29109
36695
3488
1653
35328
23175
5224
23196
18041
2649
14288
29643
17405
35462
31244
7784
35074
26507
15398
9962
3998
28890
25060
11666
22681
20574
22380
29010
19869
32224
186
15437
35198
34503
3788
16176
33460
24023
19212
21674
33727
22199
33922
183
15569
10793
36932
5740
18568
35839
8074
19672
18428
23864
34067
37549
21921
29781
28825
5120
12422
35094
18381
1475
27489
34056
8601
27454
7018
37636
37136
13899
23927
15304
16536
16777
23031
32070
14816
28074
22568
28083
300
3743
10261
2699
5046
25991
25099
33490
27290
18648
4784
7586
7215
8311
3456
121
250
3541
26788
31775
34158
18114
10098
14932
28156
32096
25395
13723
18796
31168
6892
17349
29582
29782
16233
23258
17376
4066
34036
23522
10314
1872
16900
21069
11215
32387
36372
33657
18342
5179
16761
2568
8616
18093
26403
22430
34675
29093
32137
4318
9153
25345
9052
23846
18963
17992
26635
6279
5915
32365
18063
35044
12930
31705
16856
27417
31514
15182
35405
3863
17507
24398
13080
34994
4166
4703
6953
28679
14776
28738
21746
2492
13015
20856
11062
21637
37511
15892
36406
25289
2652
6045
20142
9971
2132
4358
11852
12945
29013
33374
1211
4274
2000
26523
30203
5592
19400
34925
27865
26739
12531
6260
37672
9559
9849
29198
24874
18352
22529
11622
33829
6735
18073
4259
14722
34163
14838
15741
22701
23882
29777
790
21084
20242
33037
27271
2636
12437
2924
30501
883
21606
36304
12770
1076
12949
9925
14107
2106
15524
9253
881
3608
19211
7549
19865
33097
36892
27509
20595
6010
3884
16207
24516
37691
34715
7488
12388
16746
26757
34214
31418
31608
12053
13026
31895
35707
29504
21861
32247
31617
16884
7443
15138
14548
18017
33348
22817
17045
22411
28980
17181
436
24230
24724
23731
2097
22551
25279
37168
17012
12607
3406
13220
32108
9207
27997
7759
11334
17598
8742
11971
28157
26598
21486
24621
7478
7651
33461
13491
11592
29569
21346
13348
20949
19759
11647
3240
9952
2759
10569
33676
22863
6728
24094
35548
27221
9033
22582
3172
16329
27276
27347
31471
14369
33418
29869
2564
11075
16090
19122
24077
25452
25737
31495
30922
27061
11173
17276
5317
6360
30925
24265
8672
6598
10233
12307
10457
37467
9151
24892
23139
7900
11863
10676
6244
30280
5235
22473
33118
8802
25212
6340
6335
36565
24624
8928
8592
15420
36884
24208
10038
4955
16541
34912
20539
33402
3309
17490
18829
27213
24335
17794
34573
6757
12252
14429
4716
11947
33323
5924
15838
12197
17921
3899
16227
29330
14513
17248
35527
27483
14591
1608
10945
12973
5761
14261
21061
19518
33259
10369
19900
3422
34191
22719
21201
25632
20749
3871
4263
12169
35364
26512
28372
2707
29664
32682
25220
25707
13066
6564
25929
21020
23211
1870
10611
18505
10539
1437
10148
13704
2697
17537
3533
13297
21515
21945
27549
32570
9693
20264
14373
17125
24305
11934
20743
27120
30412
27299
6923
18723
33041
35279
36798
35416
11910
19101
34755
34959
1955
22136
33318
17894
4656
2479
9863
19773
20471
31793
9938
25871
33522
21644
32829
9671
29785
7341
37564
27868
18245
2499
2042
3699
34434
4329
28733
9269
21681
18815
35477
24886
23784
25074
18605
31213
21289
28133
2770
16131
5499
161
28669
24930
14462
21497
884
11792
26304
6166
11639
16084
10292
17575
12318
2529
11739
17870
12143
11024
36911
20213
30437
36246
25067
36308
14017
15376
15394
32688
28341
5274
32864
12997
24035
31457
19877
649
36462
13070
21178
20881
14145
15232
8865
12692
33305
23340
33058
3895
1521
15758
15223
14041
8113
8709
8287
28317
12210
6190
14291
6074
28775
30598
23520
30129
15305
4969
3957
19031
26762
9111
8266
7353
17
35098
9519
11743
33868
28245
248
23824
27936
10194
19052
24942
33141
21503
35336
10375
13206
37222
17700
4865
7163
4132
9649
13573
29337
30838
24811
28329
32655
25481
22315
11065
9681
36152
11690
4124
28838
37191
377
6622
6861
31770
7311
30942
9772
30425
29658
34330
11568
22189
17765
9329
19589
21969
2044
8765
22034
13139
8991
15619
37492
2154
1156
17816
18511
14570
26781
1602
2680
16028
27056
20332
22118
36095
3909
15640
23795
26859
34140
32163
907
7779
16310
35410
20864
29648
1741
4811
10465
35887
29513
27914
1450
29238
26370
31727
17570
5251
5259
10833
12761
14845
25519
35744
14160
27547
5575
21632
29120
21083
25438
10560
11093
16405
34825
34392
11221
5705
28970
4098
4809
10618
27890
32483
23666
22257
1062
27536
18311
25581
12999
7407
4215
5423
21853
18122
30467
7814
15137
3450
5359
30441
10008
19860
35602
20592
26532
14713
22323
30483
32117
13866
25371
2768
19015
32811
12729
20902
11487
28600
4463
13559
14254
13975
7208
9154
26891
8615
33908
33251
15663
32716
10881
8741
16770
21949
49
11061
25619
31310
4315
31550
24455
30765
17678
19784
22686
17694
4361
4241
6082
23659
5415
37508
32959
6765
30327
18300
10430
6885
25071
9979
2710
18148
30496
31265
34946
27311
7524
28654
23494
11495
17545
30410
35825
13097
33487
32789
2112
21862
19357
2565
7605
17262
16620
3923
27266
21918
8874
25232
4773
35206
23043
37133
16155
10475
10654
14837
27104
32588
8078
24378
14969
20654
7085
31073
18243
24295
17266
18350
5375
22805
16952
4279
26712
30836
1500
32865
14102
3415
18891
11355
25480
25751
4126
23068
29369
34318
16515
14096
11056
13005
15047
11321
26491
4917
10996
20354
18057
15899
19341
24694
36615
22260
17970
31878
9209
15471
21871
30700
28966
20026
21642
22412
34033
4823
34647
35072
2272
8980
17106
36711
19135
226
11419
8718
13153
28850
17473
395
19943
35563
14547
36117
17805
18763
7636
37184
20814
23354
5738
27280
16595
5297
12226
26080
14723
20343
28104
15226
13825
1826
36630
25473
18167
31648
6222
11470
23226
20413
34962
4461
14989
5417
17469
9332
31997
5401
21783
5637
25663
37657
9872
9010
6248
24776
8867
5550
16386
34910
26567
33052
11754
19770
2548
33025
36994
26214
11909
27567
29576
27054
13947
18769
8793
18519
10974
10723
34470
12533
24413
7959
11343
24846
5219
8118
22575
17710
14189
8154
14153
32327
11644
34180
3984
33473
27392
6282
13776
1847
27272
34045
3156
20013
28351
16063
26498
10286
22414
5681
7903
12360
24337
37297
3996
26599
15441
8844
26017
27458
2825
14170
7071
8407
3385
32359
16402
5336
867
31222
26539
27781
20537
3176
3555
22432
4732
12557
31302
18444
926
21792
10052
37174
19036
12115
12417
36408
31941
6087
27905
33608
3290
11130
5627
28573
4783
10679
22209
24418
5125
4654
10278
13507
4050
25996
29592
5263
11222
5710
1263
32181
15754
34296
1710
1360
23745
26616
14080
8621
14771
15874
24412
13154
17577
16171
24980
4544
36494
1055
32917
28621
1069
19562
1724
25965
18513
23675
3532
30976
11550
5651
21428
32424
11327
24144
26628
22528
14983
30469
6070
11454
31132
17273
12185
18139
22070
36832
5852
23492
27069
20401
19262
16672
31337
10782
18828
15982
2406
34644
31927
4967
10398
23141
22431
21484
15933
4139
1465
28604
32537
24680
14736
33925
35555
1013
25840
28085
32416
14930
17131
26521
13530
13415
4473
9530
9396
16085
11102
30305
30362
7319
13029
24964
6770
14304
21698
30386
9738
11546
2643
206
31993
28565
3619
1028
31869
31180
4746
22437
23570
12448
34521
2754
35752
36358
16626
23530
20565
29734
2598
16548
22210
11381
2169
9365
8983
7757
7262
25685
8089
36216
5466
31982
8938
20982
33798
4218
11212
12738
30703
28326
11606
19297
29954
37286
18508
31522
19062
26774
12742
34005
4111
24368
30324
9475
7289
24055
9011
5856
8347
24271
37121
13374
24314
4617
18747
11624
28546
25534
29843
34352
1251
21780
33425
32448
13590
19989
35805
25183
20232
564
4951
36214
2862
7266
2295
24727
2537
1545
35732
29396
133
23428
33975
37105
21982
22294
30283
25624
13603
29724
9967
15449
32831
718
22622
5822
5568
33063
35833
19552
19336
35778
30348
12211
25853
11760
33050
5594
22177
26792
25615
29451
34379
2384
4224
11248
24817
14988
10216
14445
24793
7454
12826
29550
1230
24676
2664
22229
33155
37231
2474
21457
27030
14118
29709
13296
12863
20388
21332
8152
8062
34587
21072
37604
17148
4857
16790
27829
28425
13096
8129
26620
34010
16811
2530
10079
21189
3197
18523
31836
2459
29955
10668
27634
8984
31417
10812
33905
35355
33182
32670
2050
4906
1892
12511
24683
18478
31940
1176
6493
9717
24940
22045
33049
24631
19761
29192
25717
11291
13208
33086
7076
3188
26247
29864
35647
9252
17895
21482
20556
37533
34168
35396
8675
1606
627
9421
15734
22005
32079
17108
33757
16693
31790
20924
20829
26977
1673
6620
10988
12965
22514
28748
21192
10632
14272
20730
20724
16138
29180
15173
35108
34412
18201
24241
31750
28469
11512
24078
10409
11110
23081
9775
9013
1317
34259
30215
36685
11358
21059
36644
34707
4037
18919
23423
13745
10820
16530
9560
3988
17354
26296
34866
24436
2256
8568
16664
29496
12755
14987
26572
7935
15240
9641
1310
10467
307
33758
18650
35461
28103
34884
534
13929
15768
5303
71
36052
3247
23262
29810
3360
8059
7323
23859
23605
317
32521
23140
21362
28557
25205
15150
2052
37435
28824
10217
32954
3341
20827
30488
18525
22711
31175
31297
3618
33921
11868
29753
29830
2617
2356
3564
14876
17336
34376
34377
22572
14717
18125
30266
15624
27197
20641
25927
775
19953
35370
1597
6217
7911
7101
18546
12412
18347
24134
14236
21128
34240
27362
5301
16053
6458
6488
23359
20624
23904
27398
22121
14322
19822
7256
7595
33495
8889
9784
22752
28459
14549
16111
35453
9643
16789
20089
10975
23787
16535
8818
20620
32932
6998
32484
33175
13762
516
24071
10136
36748
35597
32801
19058
20254
24674
4155
21248
21612
25082
26250
12349
14656
25874
3365
24064
36307
12899
31204
16124
23600
4858
18944
36240
23406
36197
3260
26671
12406
13275
21041
10244
29428
1371
35367
16829
18011
25713
3599
29538
35534
7309
9838
23678
32765
14074
31859
21021
28633
29822
27354
18404
16280
619
32658
9435
28023
31210
4359
33573
28379
10542
5043
26883
18389
19634
24659
34724
33781
25817
1774
36193
20306
1614
12791
14312
3141
16347
32565
20192
33981
19209
9267
19507
5166
11640
21922
36587
32850
19598
27990
34940
6721
4948
15072
32440
3490
7448
30677
13453
13369
759
19799
7735
19284
21848
33753
14604
22273
34363
12440
17059
4671
9691
17393
15153
25881
7550
9068
36531
25511
12150
12979
5062
37096
6299
17599
12566
1117
26067
34631
23883
21314
33911
28497
35434
17434
28742
10172
19169
10041
10076
36399
18058
34407
34941
7794
18619
26362
35153
13098
30578
154
32326
294
31342
28357
13362
2509
5509
6403
11613
11758
2609
15177
7479
23553
31090
20277
2094
35529
1600
32019
18140
19071
33980
1888
1279
37363
399
4059
32241
9617
13343
24740
1716
4063
11158
29450
27748
20937
2124
9628
18056
11190
33013
187
21976
35524
3875
14320
21037
12355
10254
24669
36138
18712
30126
9808
24411
3209
12155
36540
24974
20970
22328
7008
7615
11875
34868
23053
3713
29298
15793
14224
2522
2336
414
18956
23042
176
5268
25381
30349
5382
31178
36189
1975
26133
35695
11707
19274
30440
11423
26437
32258
15293
7596
30926
3908
8178
954
22128
19242
9956
34278
6349
20993
28484
10871
15365
34255
12021
10596
2884
17774
17590
24138
26561
32783
5292
1961
35809
29072
14982
30637
21865
21852
9548
12580
122
13675
27469
8849
9753
27515
31586
32447
1569
20352
23138
35006
16356
35856
13809
35377
7841
8594
20640
36273
27706
16776
25097
7898
7287
17281
2781
25790
17696
24238
9878
25820
28200
2355
2446
12514
8700
27359
334
13620
25497
31913
29408
26219
20249
24764
11579
27073
28519
15999
9416
27269
202
8736
34775
6601
26964
32610
25475
21997
15058
14572
11396
19235
30551
34250
36691
13020
33606
3035
28256
11111
16866
4862
36141
25343
24955
11433
7402
10888
14330
33307
24639
16145
25148
26140
28652
23868
21477
23312
29226
20833
21403
27143
8869
23505
11026
6607
562
11602
13173
12341
35976
1111
3628
6481
17498
22549
22985
13435
1449
24960
6380
24296
31209
7204
1081
4995
36716
1008
36617
8294
4835
10960
11646
3003
28018
3159
19433
23426
30646
24945
37226
3523
5462
18072
29118
5243
15386
23540
10183
23855
17949
32970
398
37455
464
32519
12208
23872
32680
13966
27608
11873
25807
5519
26925
8229
19532
18452
19591
25769
33595
26352
2910
6140
31953
14866
22871
5810
9106
16034
23301
36983
36942
3399
31122
16351
32190
34869
14165
24204
18844
31545
34264
20823
23785
6754
13748
36479
1910
21986
10931
26428
30356
19322
27460
16593
33088
9053
9915
829
11201
26945
18143
21541
27015
12829
20939
13162
6657
35304
35348
36752
7299
22239
9448
21889
30100
9675
8017
3527
27114
27502
32510
4532
16214
21182
28363
33171
5099
8769
21767
3820
16022
8504
27600
30056
33071
23806
9059
1956
13870
7056
19649
12342
21538
31108
25545
35018
36121
24570
1596
17072
14711
6847
35617
1165
29981
32667
34324
35792
3057
34061
20314
34258
21100
27289
90
25338
26157
35980
25505
21656
13828
14904
14494
33454
36850
4912
21788
18735
16904
33331
17521
21186
21762
9763
29522
36290
36887
22308
26032
8459
20256
30928
33554
24699
7699
20803
22348
34135
37653
29978
33825
4476
6339
312
10665
34938
26938
35536
11827
35498
859
23457
19990
5723
22579
1047
23076
8527
6678
16874
16710
11052
36338
23229
33015
12443
25464
7303
27988
34459
31405
33017
12206
5089
26865
8398
9591
17838
23180
29419
22574
37617
1040
29700
8169
8600
30370
4935
152
11547
15247
12078
22438
32156
36956
189
11408
5889
28509
6795
1662
19484
22349
1142
3430
25893
27548
34469
9389
32767
31562
4348
33775
23797
6828
13436
18266
22688
17839
5709
18468
27716
23573
34617
26021
28815
15442
821
30937
36280
11007
257
6267
19511
37347
33445
23950
18684
10885
32638
3004
11231
33406
14522
22802
2820
35726
693
32400
32792
12629
16046
5762
7430
37113
5325
9178
33364
16794
7054
35185
505
16966
17478
18152
20635
24041
8447
6635
4381
7694
25399
20233
26010
17081
32551
4018
37093
24617
15858
25590
29684
23465
8038
22828
6788
33902
14685
17544
11805
5007
4898
17714
869
15211
19095
6846
8230
35623
13135
4677
35627
16474
31641
36689
19229
33656
13286
26920
21706
9740
22174
23205
32853
20608
36497
7560
16615
26008
28374
20405
20628
9890
2034
27516
25187
6017
9273
9391
12408
14926
36675
36829
7988
31066
31936
14058
8188
5202
16847
30548
8608
8740
27498
36172
24690
32554
7844
34203
887
1680
18545
21701
8937
27285
14540
21720
19549
34401
35192
18811
32760
8249
30484
10385
31420
13014
23885
33172
34276
21292
8173
16100
12065
2523
34201
37183
19423
22898
9009
8620
31385
26241
4842
28188
22052
33131
15813
17690
16920
31601
9422
4392
29847
19991
33287
14271
23928
34916
36765
6379
9436
11811
28050
12773
24597
28059
132
5551
24881
19526
55
32336
36330
36845
22955
37098
288
12162
16880
14569
37479
8033
18642
19378
5184
6931
12279
9929
8255
17671
15589
11508
24096
25586
1829
1271
31812
19084
32490
35985
10930
18314
31231
6402
9805
25035
18820
8124
9105
16984
36392
10344
31766
36861
30964
6585
37626
12204
30830
6237
10540
22992
18808
28507
17136
2946
27702
23391
36859
2796
30674
27922
35685
27012
26600
26454
32204
10722
29068
29366
12025
14144
25986
16759
29032
4608
2814
26377
7183
9326
11527
31731
25123
31274
37611
10898
23322
14868
12946
8538
19699
24914
34678
30090
29148
23222
23142
34820
12247
8776
10131
30492
12052
26663
21196
28952
32727
12737
8738
2749
33317
938
10534
20629
13278
17964
16816
28301
12710
21558
103
31905
5934
20281
30039
1462
19241
28205
2824
6172
14792
4602
10221
7989
8259
8252
7996
19808
30457
18301
25156
9175
19481
237
24284
34134
15989
31303
2761
29746
1529
29122
12769
21749
9914
18516
35507
36489
29731
2685
15082
29621
26658
18052
148
13309
4618
10767
4832
29152
8181
10263
35898
31080
8882
9050
29490
19885
29588
10998
7467
22049
36127
315
17291
36978
12259
27083
15056
30854
35716
36097
20810
31215
35693
31489
29172
30688
12075
11736
23700
12819
27310
29627
12637
28594
415
35992
3710
25979
19849
23462
34047
25202
3808
29410
7983
25921
3261
28605
19435
35151
22633
7962
9251
15804
34127
14157
29373
28974
6035
389
35609
1215
3849
22635
6027
25176
25405
7981
22897
12855
26769
10186
21582
8604
27368
19719
6330
14943
29266
10437
26602
5952
3645
12636
2546
24313
5968
1031
32442
11272
33168
18578
16648
5544
25757
2053
4217
328
6689
27885
26066
19556
21565
26716
1839
25568
19693
13088
20064
31201
2228
24466
12955
1163
24322
27768
2032
7468
25368
8583
7656
30367
29344
20487
16836
37677
7043
18304
24825
15200
11836
14855
34384
387
30134
36957
13052
4090
12245
2122
18088
35715
1447
29217
7483
24918
1836
19184
27685
14217
10033
24912
20381
6160
7142
4829
28323
5970
10436
13151
6258
6817
5885
13254
30088
32431
11756
17231
9909
11953
28154
5546
33788
26998
20905
523
4867
6618
14202
3714
6461
31906
33846
15520
29915
14732
35754
12547
22765
4285
15246
6621
1844
10282
19413
12558
1550
5121
3442
8084
36194
1193
12278
12216
14238
27259
34309
3448
22581
20623
3339
2462
12037
13366
3739
22947
1140
19177
30721
19915
34692
6685
3492
17650
6670
29476
34761
29951
10616
1018
833
17319
19750
30887
14208
12589
4442
1820
19565
24579
22536
23249
29675
1903
8556
29906
36745
6138
33967
19042
18632
32604
24766
13408
1930
20943
31472
4260
29306
18
19509
5504
27125
13913
14953
31978
11285
3526
12787
6684
21639
14491
17235
28960
18724
519
11994
37650
12322
2202
5746
3742
28990
14201
13523
36508
16540
36439
13131
3175
13485
24692
8597
25913
22021
26605
5520
17971
13128
28292
33286
35717
10640
21532
22895
32802
35021
24177
27046
18010
18618
16563
29534
25489
26079
19346
2488
34189
20030
6283
18429
4886
17693
29382
5650
2585
26851
19646
3641
11060
27084
21580
35638
28069
35871
7514
13570
17247
32039
5549
32532
36519
33883
1833
11956
7180
7868
14576
27663
21490
36112
15362
29932
32969
14709
23244
4410
26808
21555
10823
22870
34679
31782
5768
6851
36780
30169
1615
9337
16567
15808
29519
26941
31480
36775
14857
11125
5739
1560
21531
20457
8474
7921
17149
4694
5583
21512
23256
29141
36872
689
32435
4006
7225
37379
33876
29962
1121
24586
2829
28842
19417
10512
24190
5402
20602
9305
17747
17117
25337
19370
31647
9255
22507
8920
13417
5552
21060
8705
15424
21610
35329
