22791
30224
22246
2251
31388
17904
29921
8100
28710
17328
22740
36567
32063
33576
8502
1701
13576
21623
20865
36355
26794
1790
31300
19610
16993
17505
12532
12790
13864
1381
26033
1082
17829
9610
10027
5307
36039
2466
21955
25662
7822
16064
30623
12302
9974
24017
30798
4431
25596
31886
34451
32541
20432
31139
7367
16464
11240
8704
13205
6955
25410
20524
30629
19032
24043
1061
29050
35894
7112
27215
37531
16566
4895
23545
31386
33324
37266
1875
572
32578
31959
8977
12689
29144
20586
10062
11815
1508
8835
13165
34780
34971
12434
22332
32366
3826
15367
2790
28402
16438
33717
33059
14760
14575
23960
30817
8690
22919
35691
2588
10750
2192
28177
22679
32661
22008
1568
3476
24066
15233
35870
21345
29349
6098
19515
7743
33990
36202
9651
23546
18226
28228
16346
18670
16075
34210
6561
24022
24312
5527
22537
2445
15463
18446
11562
29957
4327
13399
15981
1102
2061
2648
26803
30242
24959
31606
31609
27415
32045
17240
7520
16048
25712
30117
17801
18698
2476
15662
8179
20078
29263
9800
14241
24591
19124
36253
1467
25215
11656
18025
16339
9164
924
37633
20850
3967
28562
868
31833
2668
12352
31585
29881
27444
28994
12925
30918
31837
34562
34034
37675
4812
15186
6338
24732
2968
13089
11461
13601
5104
26724
28768
37241
3737
28514
21264
28798
30475
4997
10769
13532
14184
17338
35428
12891
17890
32195
2913
36605
7475
16316
34057
9636
29946
2174
3289
5068
29047
17602
22022
267
21439
24747
13304
21016
8552
4433
6316
27915
2646
27975
985
35612
11208
25461
1252
8642
12394
34486
4304
6959
25879
34334
392
1981
23238
33747
32887
34054
14240
23966
10237
29169
30823
21150
10334
10404
36517
13207
1161
31113
5962
25001
30961
23425
32595
31071
34779
1433
21843
20056
3026
24500
12027
19854
31370
27145
19143
8490
19596
390
25341
35203
22264
23026
29209
5956
10170
11787
8391
21190
13174
13201
12975
22258
34374
28370
16934
7552
8408
21677
5339
5472
1143
640
7362
26222
21305
34966
2063
18370
6381
5535
17798
19901
34093
27258
31568
17428
15205
21496
9157
9566
22271
25472
28198
30361
35956
29018
32465
27826
27820
16202
19163
15210
20046
27300
35402
30520
13561
698
31948
27881
12351
4950
25776
4623
4379
9281
17457
11286
33533
5633
11453
23500
6305
31908
16228
6967
7242
23286
32457
5291
8838
21832
1499
8304
638
34118
4914
18494
29186
4145
29980
29126
844
19636
11931
876
26135
15127
14497
30651
5246
11253
23218
20067
12419
25315
33562
1919
14839
24823
11134
27430
4626
11882
37695
26855
26278
35667
3846
24427
19919
24379
24522
17301
23720
2739
30456
3799
26885
22894
29727
3715
12871
31942
37033
36885
10019
19494
21434
3276
32945
7397
21218
19343
1927
7062
26845
33443
36440
10256
25077
36619
30385
13126
14748
18894
34386
1667
6111
6208
17867
15783
34684
10705
17661
26386
32218
5785
2818
890
6337
34444
2344
11404
17761
7871
3694
20138
170
17343
29129
31658
6650
22747
12328
27796
5285
19606
12559
16872
8383
10084
16309
8932
21349
23409
9659
34286
17959
32951
4968
20500
12266
6555
25699
6835
33519
13242
17244
21007
33102
6553
8548
19286
11616
17892
25925
12104
20348
5354
16437
24383
34609
17541
1484
13077
28172
5453
172
6888
13943
29356
36500
23756
26558
37586
6353
32213
24079
20527
24771
29088
27546
29323
4441
14660
33191
1133
13669
19004
9546
15613
29493
20843
1269
4640
4896
4615
4688
36866
10211
22370
204
16542
31853
10169
34596
14220
21042
2398
10040
23948
15890
10321
9833
26611
2354
12694
36296
17396
34691
29590
569
9191
23946
29751
33898
3859
10649
6717
10011
30680
33220
18716
34553
25465
32488
3707
33528
39
2600
30691
31109
23092
29742
31847
9948
6410
28967
7949
14459
4434
2089
20156
16596
11518
31022
35629
32323
6007
31679
31440
17379
28787
17398
14806
26744
25980
5154
34477
19802
26488
29002
7680
14916
36036
29922
28811
11533
16408
14594
34828
15132
33218
6287
35808
12227
866
19597
28998
25668
13298
3613
27096
25362
34648
10232
18286
30989
5116
3168
12113
77
12398
10908
21729
4527
2853
25516
2301
2873
5055
35823
29220
10213
23038
35433
12464
5376
26622
9233
14365
27220
28020
1616
11532
4920
1950
31970
30906
4837
25204
23507
16512
10414
18836
12212
36003
7842
36073
35042
7279
11223
5078
15329
14886
1822
35264
209
25859
24998
3621
26840
762
30508
29329
34952
13610
16967
11539
657
3843
13588
4533
4270
27230
60
29512
27111
11766
23338
29292
36053
16802
12325
5257
8485
57
33142
14980
17023
24749
27995
28797
8689
23257
29274
1734
9250
17182
27005
30711
11264
21426
25287
19697
16397
24517
25073
461
28700
36980
11902
30920
565
19194
33294
9932
30977
35330
35176
18980
30777
27122
25450
35160
20536
406
9867
24542
7722
13957
10961
6593
3207
24611
8015
7980
22887
18922
3330
24474
23278
27801
28262
37572
26018
29134
3350
19306
3960
4147
6642
28661
25705
29228
33718
34085
9003
25824
30567
4880
15595
23512
25444
37190
2399
6194
18570
3273
10646
24575
19366
35015
35736
30401
36903
16146
17410
30234
21568
580
7593
2414
35169
36706
19980
13093
37250
3096
20117
13915
22588
20162
5248
37050
2480
12820
9026
220
20107
5766
13115
1362
24885
2157
18441
15953
25020
2554
1311
9047
22632
33022
32160
12276
9580
26047
12969
9538
14458
9558
36009
1947
3993
2929
16452
2405
26368
1920
19030
29938
1506
34303
18054
21328
21444
27429
27738
2454
10325
112
3404
4790
34667
29712
3068
5967
2974
14628
26717
29600
1019
29908
23094
24907
5035
32265
26071
33234
32125
36498
15301
54
17734
28182
23362
29338
28344
6207
13981
13571
13949
10680
11529
18556
6407
34041
34517
1495
13025
22340
25556
31270
11247
22131
6195
1610
31477
36351
9951
28800
17015
1727
31052
21878
31100
22064
24297
13094
10167
10454
31688
37091
9943
31857
2841
30107
31733
23653
37053
29871
7894
32046
3395
24285
21614
27909
28608
17051
9461
25206
28662
20080
6233
25716
18302
26231
7453
8022
18506
24750
25932
10026
8710
3085
27158
16013
17708
15317
5498
33349
11348
9918
23146
33434
28450
27211
5091
34380
6987
36483
11356
1454
31164
18334
29102
17453
4551
4561
16568
21944
25209
37585
5092
19671
35036
15036
32033
6773
28332
63
14129
3199
9488
29608
5776
13517
14028
21874
34414
28102
30768
9497
10165
32454
23594
14826
26915
13251
4839
10285
5996
20150
29918
16295
22815
35994
27195
13412
37398
29113
3730
10070
11597
21745
22309
21082
21619
13886
17067
2661
35095
11879
14181
3626
29554
23054
27499
5189
21895
518
17340
36713
13118
13402
16704
16142
14294
10092
9609
5655
14216
29483
36679
4258
27743
30662
33575
16909
18463
15087
16102
26273
25954
11308
15135
24553
2099
14567
1098
36460
19060
79
35390
4738
5826
22416
24513
17691
20713
21994
20656
31531
7463
13591
36034
10791
18816
29646
32807
20002
19681
25868
24890
35720
34220
11727
33544
8143
18858
32321
28113
37199
23635
25282
37457
19850
28353
9726
12171
14333
26398
26069
22608
18895
19939
21297
13050
13850
19766
12953
18291
14311
15162
19406
36854
594
7556
17859
6822
35991
17610
10955
24902
36882
12284
6860
3902
8092
35706
26976
30062
5585
17479
12145
30860
984
662
11892
19493
25822
17967
31226
31628
21594
25623
4192
4002
37306
35261
5578
5524
18118
24167
24219
32214
37051
32495
23200
33184
11030
33602
37414
20285
28012
33347
5217
31344
20721
27750
32425
20250
27814
11420
12598
10659
24778
29916
34391
14267
8662
18182
9816
25466
27724
3573
23061
24576
20057
25814
35191
19462
35915
35207
5862
20630
29641
2785
21651
22277
30066
12057
10586
3919
13000
28912
26619
30418
32444
8013
17504
28894
2581
5101
24779
27018
33446
1641
26257
35381
18067
29802
10390
16505
15483
29015
33265
11930
6663
7632
35189
14117
21356
23145
16266
22911
1694
6235
4272
32915
16655
11025
29163
9029
30192
25942
4276
26830
23693
5692
5352
7358
30173
14697
16391
17382
5811
18387
36075
18886
29695
22660
35730
26836
30970
14952
3631
15562
16835
10507
839
7461
26670
30355
19790
26697
959
32094
35081
5517
16687
2921
33432
8634
6508
15533
28758
1571
10037
18784
9431
18252
20511
30083
12601
14623
37037
4492
12851
1400
15744
5254
18917
31865
23224
7375
1781
33462
36597
6448
15900
17418
29629
23282
18596
22460
5209
16684
10708
33759
23488
22009
1916
10268
12061
15872
20268
14345
16647
18848
19947
10203
12774
32306
16786
391
34640
36306
18799
5193
25192
31357
24797
28306
1487
33056
35277
6175
35289
33205
17709
17514
10149
14627
26177
26198
24042
30503
34896
18503
19236
9335
24741
5370
7953
36393
2576
33116
24739
1905
9511
11681
37102
6802
749
1855
7119
5532
32449
10624
9372
17963
32741
3050
12993
16220
20934
31435
30171
36059
32758
26158
33423
8817
16795
1941
15891
30904
32084
5153
4009
2165
9944
23321
14841
24833
35240
36848
4591
8112
30653
9399
23432
225
11945
9575
23967
32253
26038
13688
24972
9723
0
17150
24961
34890
9551
36452
26376
37600
26237
29409
34955
1292
9829
11357
1488
6840
2957
12940
6994
32353
7383
7480
27124
22254
29761
34858
36522
1420
18142
19299
1007
21487
21357
6901
16573
878
31676
13216
11610
26458
5095
31971
34151
13167
24657
17857
20461
32690
33526
16481
10222
4725
33556
5510
37515
9990
10225
37334
36002
20171
26408
22147
19659
26002
30644
35481
16007
27792
32711
30032
29467
4213
3560
2040
24328
10923
29945
31728
32629
34344
9536
23187
8501
37409
18465
36588
17922
8202
3254
28405
6791
22775
25629
27899
211
16121
2046
28435
27893
2572
3580
28126
31381
1303
13578
29730
20933
7327
17299
36847
24785
4171
292
6589
21246
5878
12853
4188
20560
23350
11659
2238
13372
36719
5342
21198
37236
7700
1587
18529
24987
33121
21919
26014
252
5741
14456
37551
13203
35446
23420
3102
28215
14675
30452
9927
12935
5493
14574
18225
18839
6449
14426
21247
26856
11559
26267
29679
33624
36110
33751
12152
31287
36313
35740
7824
17910
30049
9140
11842
32862
22770
27799
32557
16711
428
34584
35293
1177
2524
29833
6433
15450
1414
2688
20796
21609
27949
9012
9646
16429
19498
37561
488
37254
22212
16830
23636
24340
33523
36341
36507
10420
3302
18023
11020
2698
35835
37143
21350
23033
19086
795
23612
28031
24316
30406
24794
3238
13916
7212
21030
37446
489
13702
17274
20909
24755
31960
33276
1240
24626
12905
8924
8986
24357
20636
27835
24235
29596
2229
25744
16965
33598
7347
19231
19595
20297
24093
27041
9224
30113
29457
25914
22105
27473
23602
26489
6414
12904
13807
8517
17648
16645
37278
3600
37185
22276
24549
22422
16883
18779
29153
36767
2899
15285
7813
688
17165
34700
17378
19934
22176
21579
1029
17686
15197
5016
28149
35309
24389
5119
8649
12750
4856
13473
6306
14786
3291
21476
4444
23437
31672
28030
32825
26931
28675
29383
23656
20599
35039
21686
18633
20417
17703
12722
796
34450
12951
16697
12077
21371
29523
12719
16352
22683
22820
32849
17843
5037
19068
12240
21172
59
26793
18948
23705
29752
2380
26481
1026
24381
29934
8939
22694
8359
12435
15674
19091
26424
29767
15339
24895
20355
27769
13414
1166
13742
22014
35146
30000
36083
1598
10069
28638
30131
17862
3686
5459
3242
23260
23373
6683
17913
13513
29565
33858
15670
14795
12466
10648
18669
17907
19401
16099
27092
4352
32209
31093
33199
15402
21187
37218
37220
9520
22314
6586
12033
14687
15979
35909
11664
17178
37342
5082
24784
34915
29124
23820
6557
16144
1962
26001
36655
10875
8199
34369
8432
9597
11342
13917
19050
14937
16618
9031
14899
37238
15839
7559
9457
22073
27115
29412
15039
11054
16394
3372
36441
36682
485
22976
18111
17759
34719
24325
29469
32221
26471
2325
37111
8282
28938
20683
14521
3584
36972
12044
22738
10253
20435
7864
7706
26215
1088
15809
2242
28783
32294
18791
9200
558
5133
7308
30190
1539
19603
21155
37122
23483
32176
15431
11833
2200
1243
29333
23079
28625
9627
21460
26378
3550
18788
15512
8799
11886
653
4525
13479
14335
36475
27480
31006
32899
16005
29287
17519
34500
5658
35877
36512
11976
17475
27510
1580
35223
37637
5942
331
15610
26607
36754
14004
3559
26627
4747
32648
21193
29551
7220
15993
28268
35743
25162
20418
2296
20494
33685
7624
17724
36762
23662
24530
1189
21856
10151
28689
37646
8362
7042
34548
17721
14659
33413
23476
8961
14505
21209
3046
10311
27089
16461
30556
36124
32127
33042
25829
37178
14465
22920
36969
2752
16317
36590
22164
30725
3939
17785
6612
27462
29990
28987
23486
15326
27393
7630
8660
23652
27926
30888
19171
14718
3198
1246
14280
16659
32715
11749
15637
14958
22822
47
5355
15884
37373
23015
25021
34117
17946
36705
12810
5448
8280
3382
4472
93
23712
1216
25720
25363
4507
7421
2172
3296
16913
1581
6727
24601
11298
10428
19485
5031
5272
15155
26025
22946
26747
11033
12069
11923
487
9441
21923
6857
34331
7121
36366
15393
673
2713
13812
21227
29103
32614
19214
34730
11678
25563
29301
16960
7304
9844
30143
32133
25940
24803
11368
28674
30593
36185
29089
36395
36415
14440
24156
24725
17995
23307
16589
27574
32685
21569
14156
1386
4589
6460
7640
20153
22939
14825
863
13276
23611
26423
30116
35568
1221
22962
29929
17631
6416
19654
23849
19828
369
35173
26081
12624
5925
34260
4373
9741
12250
29708
20440
7334
19439
24731
25447
29909
2632
25956
7875
18472
34893
11304
21581
21574
36229
4555
33701
13927
34141
11519
32105
33820
5770
14530
22448
32816
24660
18900
32651
32009
31726
37568
29503
2797
1871
5607
5321
28762
628
26154
849
14382
510
4644
8664
14211
22287
28216
8430
7906
8027
18220
6915
1361
19257
13727
20916
11263
21700
28028
5668
29456
32846
36116
774
1697
9088
8405
3675
27982
24083
6534
27882
10399
5849
19714
1830
9563
3720
8079
22078
34535
17482
22117
5032
12784
3804
34409
13651
14948
17129
7026
21068
153
30545
34990
19946
13897
30609
26407
15833
10645
26211
21838
5888
11462
18738
33179
10800
33760
10239
7517
6982
1332
31301
229
35026
33021
19574
12804
11507
21937
22945
28493
13935
20008
8574
21905
28682
33889
7434
12028
14284
20014
14167
29914
15771
35653
1612
23159
17978
28152
4613
17856
3337
24497
5769
7369
8494
28024
17439
36594
37478
19301
8206
15697
16899
25708
7561
5995
7264
7725
25321
24687
23831
13666
3100
3310
13732
23302
26554
33068
10453
29846
5216
6277
2940
6123
23135
23848
1879
30729
28227
15931
21791
34371
35172
590
23234
26912
6351
6917
20603
29702
14900
1814
1687
6009
10029
2362
9423
31019
31749
10732
35385
34400
3872
33587
28485
20771
28495
8110
29977
25161
32273
36536
16200
20462
29972
31492
16267
4308
2830
11535
30718
14777
18045
7718
29445
28606
30847
30498
35505
8943
23969
3975
18986
21080
306
36571
19590
28167
28348
15937
32088
19614
13790
14122
18581
32949
5556
32010
1410
10697
14354
23115
12603
25280
28328
27760
21680
24752
10307
96
6496
31846
3245
32028
629
12039
10551
24281
21234
24539
29400
763
9973
36527
26213
123
11643
15759
14407
2151
19320
916
1878
13905
31539
1682
2519
26314
30955
36048
16196
35526
30558
27375
36764
23378
3725
8789
2335
37285
9557
28774
23293
6658
29749
1218
6838
1115
2186
18224
26269
33919
6325
9432
15553
886
10741
14358
10848
31456
842
16970
27583
24813
30398
17881
19148
11182
14724
36245
23109
16989
10423
34541
20652
1065
6147
7823
8235
19367
2744
25719
10042
35346
34883
15330
23499
12703
26162
31454
36295
3638
9699
2487
6588
9857
17334
12883
34895
11199
4938
1624
14253
16056
27530
24851
10448
27812
31101
9394
7053
19554
8367
11985
14431
22250
8214
35423
15461
18768
16820
34936
35993
504
20741
23119
25544
26760
2023
12413
31189
5221
15391
2395
6001
34727
29042
10362
35654
15958
3905
19892
1254
32418
30781
34728
9027
13227
22639
21092
5027
8315
29162
18604
27621
30597
24863
7765
16650
13182
36284
2923
4799
7977
31258
21195
13370
18924
20712
32653
21109
17586
8525
7601
30142
25240
27779
29507
1442
9510
17096
16890
35218
11993
32278
7862
3809
329
188
34537
26530
23886
15801
28658
10490
11270
20545
22565
22716
2419
13285
23240
7538
18385
22095
1650
10771
4657
12043
15575
2981
28844
4918
1623
28541
13852
21466
18947
26642
22474
31084
9781
27729
11556
12258
16298
31319
2072
35611
27924
32312
18159
16409
474
16217
9669
24038
28587
29447
35082
9317
37661
1373
26029
7930
11587
20498
26270
8800
16676
24206
12031
12952
24380
6290
11412
37002
5961
24098
34783
20675
9523
10870
25064
32780
35763
36591
2678
13424
33373
11772
2793
18576
28533
5391
978
27132
21502
13031
5353
30149
484
11799
33828
7265
19132
10777
22053
14775
23869
16991
1848
17524
17902
11323
19448
20885
9728
28470
3274
24638
28226
34975
14849
27770
8918
26705
23910
30093
36213
10864
30346
8026
11220
25978
18471
15620
37685
11341
23466
13040
37077
27456
35904
6894
31738
17006
23841
17939
33670
28911
5854
6110
14278
31173
8758
5098
5343
23658
380
16175
17094
13612
29183
957
23070
35550
23968
6563
8987
13244
35347
34819
35692
22830
3813
24999
10499
29433
30845
18105
23572
24301
12205
24475
30329
2280
28820
31432
9323
17042
17046
7010
483
20411
17831
14840
17198
5077
28992
30181
37325
14154
16906
8606
8217
22525
9236
12248
28253
21624
12747
13925
30849
26382
12915
20991
31753
35727
11209
4511
7575
9989
35102
1472
32808
20350
28785
7243
11698
18113
3506
11997
34284
15057
36153
27253
7689
6997
8996
10976
721
37355
24594
13117
8905
26259
16488
21191
34320
23632
37411
29406
3708
17688
10491
16787
31269
2428
1827
7285
14598
28687
36407
1110
2745
6671
23734
26279
23803
743
24014
34659
1086
23661
28807
37046
33288
27967
14359
32748
8629
19492
5172
7604
9480
22149
36223
33843
8376
33810
37221
8640
28812
20882
21927
18064
18830
21422
29821
22659
32709
16466
6043
32881
11741
36992
23443
35782
8127
27260
11082
30159
14834
32345
17510
33100
11188
17164
21385
9853
34803
34419
30411
35820
32643
12987
3248
3652
29165
6051
11569
29342
9462
9069
6435
34576
980
3705
25810
31565
3457
34519
25265
13398
18852
25538
26659
6540
15282
4176
27598
13350
28190
28255
14070
16828
37399
6426
11393
18382
34066
24080
2673
28462
31312
20071
19237
28830
520
15448
13231
10553
24323
5684
10442
2041
33098
9045
32603
36387
27740
30358
18759
19976
18646
9673
70
9660
17160
14328
26505
33194
33661
31150
14911
5067
8320
17817
17953
29241
10597
16670
4471
17754
19775
13333
26797
32555
20344
402
17364
27672
20211
29262
33210
19872
30833
10947
15272
20621
6294
9831
29232
18961
36897
15263
14089
23289
34028
31078
20762
35312
8788
2412
28473
9443
23220
30885
15683
2411
12218
36792
2203
19608
26063
9099
372
20087
16380
27257
31776
7350
34968
33669
12852
29446
32652
13970
23934
35442
25076
37239
1685
31622
34270
15400
25718
10200
26655
33295
11884
100
33256
7910
17997
2851
221
11817
18923
16134
4887
29883
1351
908
31932
27000
3501
6807
23452
13222
26854
17903
22012
25900
35819
31740
9177
31271
4874
20370
29540
11176
17874
23957
29917
33079
23827
16673
1300
30846
32851
4179
31499
22270
35535
30223
32747
28955
12397
30649
9653
8579
15766
23269
2441
33930
7648
11905
33664
11228
20501
19913
13961
18141
30726
15723
8198
35490
15951
17987
9215
20758
28827
36782
30639
26926
37532
21317
22362
6257
13862
14663
32697
29585
17737
31251
2473
17819
34266
26375
19630
24544
25651
10890
2721
4380
24101
33363
17868
30555
5596
36633
21834
14081
13673
23568
30864
30182
32840
9615
26102
1294
24434
27358
28347
31431
10313
14781
18690
9509
29583
6969
18767
31307
37449
6048
10533
23057
16071
4590
8837
16097
17431
32838
22592
13423
8914
12220
33292
25543
2525
34645
35651
12622
37153
20423
31821
26695
19102
20877
28653
23645
32029
6893
25696
28655
27694
32837
35753
13635
29728
13659
11995
23801
28803
17374
33651
23173
4480
19350
28499
31140
18396
20038
21091
34308
21809
25944
3478
5337
16026
21822
15879
29927
10819
19935
20553
28968
24620
16901
25453
11144
15749
26960
4762
33909
16771
16784
9916
36429
8239
16070
5053
17789
14892
34396
35642
13068
17088
29726
16592
37554
36312
15455
8916
11162
27689
21778
4117
599
30048
16414
1897
2071
16186
18694
7585
34623
7250
13826
6456
13721
3793
6682
9294
5713
27540
9285
18856
29925
20096
27157
6249
11057
22242
36109
14622
32076
6740
13681
10619
35174
25331
17447
10199
4686
24872
34708
8339
28781
30739
1782
3682
7320
35750
4612
11908
31612
8114
29371
13045
21964
35525
1972
2440
36822
1250
29286
2407
30054
7440
12680
13990
16322
24182
13596
17348
28500
12241
30001
32988
20723
25055
15467
1108
18764
1773
37349
9686
17214
28534
19033
9117
30702
5182
13678
33560
8052
35345
18036
29048
6091
34338
6587
9585
34993
32363
34294
11008
37337
21611
245
27004
17605
26039
5413
4144
7045
20257
27592
27871
29279
10714
14344
3318
20241
36328
31426
11549
5707
18284
27466
29260
3606
34816
25701
2515
2962
25561
13772
23073
13520
27638
30120
33136
30660
33055
26546
36664
36784
16544
20822
24962
29837
13260
27713
36769
21676
29814
660
14829
22506
13179
12567
12730
27697
5198
424
10763
22114
35908
27281
32980
2058
9139
20870
19583
2928
32633
9085
95
21137
23000
1327
9490
31519
5700
32237
21971
14013
17670
9734
18953
14355
19783
8524
17487
4743
7410
26324
18534
32955
8536
15764
29044
26761
5564
15708
31045
32584
4234
14725
992
29780
10018
4798
14192
31094
34472
2920
19258
28464
12373
28171
2535
8111
6681
30698
20073
8132
21045
21278
12450
13808
17914
11618
35878
30865
160
21081
22753
462
17225
30816
32903
16976
20753
5364
17175
3811
10669
33002
17363
23117
28289
6792
9815
3366
6863
9619
14802
10006
24787
20931
2291
8647
20672
16863
2831
13037
28529
3544
21510
22993
26992
34784
3733
31560
25622
34839
9302
34063
9161
4696
8007
32938
19733
18692
24483
29719
7666
20671
12418
7506
22746
25484
1288
35641
11494
12260
29332
13577
34129
34164
2266
18250
28765
24492
20774
26509
26714
12263
23435
23737
3301
6614
5176
2088
2875
24366
31194
30448
32975
35984
28743
20341
21230
17557
3723
7961
21634
35265
8436
2999
31716
22698
4520
24706
23674
20514
14819
17642
21961
15571
16344
25745
33266
34406
566
1277
4826
14183
5653
14585
16065
29806
2777
11633
24320
35232
9700
11867
28220
8974
25191
35960
3571
29321
32586
8550
9242
24327
4169
2029
32186
8335
32695
25490
15527
22695
28893
1754
20238
11236
20710
20727
27171
7493
13515
18283
16358
16657
19490
12616
4535
26789
32743
27827
24641
26496
24946
25054
20448
22511
18939
23341
8468
32547
826
13190
32280
27378
33449
15050
20114
25988
29227
9493
22929
36774
21429
12447
3347
234
36054
8207
16628
16915
29207
9618
24287
27844
24629
9822
37
15021
16971
18627
23056
15584
27507
6081
18247
8443
16398
19690
15693
11972
32534
22103
23805
29432
33650
15381
6519
7476
15895
12972
15960
25872
20834
32912
20001
27794
29046
7072
20653
7641
1260
6404
11255
35229
13462
12663
33646
23689
36609
10522
8981
21360
14688
22986
16252
17629
25936
31552
10073
13652
19388
31920
10368
30124
3930
32933
2215
2126
30393
2893
37120
5966
29326
29386
6412
29105
22310
9873
17567
24148
7931
14496
28264
10312
4487
7727
17583
7873
20552
32544
15934
15865
27383
10140
931
761
31363
37569
32700
36361
19251
14308
22673
15581
5881
29857
1196
16983
36270
31748
34810
16867
18467
7874
32148
24248
16853
10088
24723
36299
25169
18777
21220
15844
32473
29992
30037
15534
4284
2019
10333
8385
13989
25117
35578
26218
26610
9258
34341
20649
34070
24970
24406
6040
11001
36184
24005
30679
21417
37163
16632
28270
5674
13968
17415
33580
20258
15985
26878
20851
11862
1944
13497
13237
18862
6213
9712
7132
18934
34425
16914
2
2709
13778
24103
27965
29029
29787
8395
3519
36160
2650
2769
34954
31398
34934
25488
25680
25186
3037
19166
24176
1079
9274
5777
4802
30208
10879
31277
6281
8115
10458
28121
17421
18004
33783
20718
37312
18101
34504
6391
29435
36858
10572
12129
13771
80
5926
11411
19412
5719
19220
22202
33066
26969
8827
30535
25127
5726
22221
5868
21867
33755
23982
27703
21872
34490
37580
15600
16334
28483
27752
15280
21999
33169
33750
37265
10270
28778
24441
6516
25694
21696
13326
24875
35958
7324
13312
18333
2624
28863
33090
34814
12332
30995
30239
4717
381
32205
33308
11596
12981
3080
29250
19700
6437
3609
15730
21344
37431
33779
22963
4340
2866
5894
7012
13404
22133
27414
20395
1236
2622
5414
2958
22670
37272
4977
25643
24006
16887
29506
20298
29230
16281
283
19893
34076
12664
17762
20497
6356
10326
1012
31027
20315
10262
29527
30012
26922
36463
723
37648
22933
35528
28769
20360
2011
33752
21682
5566
15136
22392
28209
10672
30894
17445
2289
27544
35022
18579
9034
20003
25634
7820
6821
27420
37660
26952
32014
24873
35559
9571
6613
19739
21147
21825
31719
19181
10530
23296
24203
23305
6454
33173
34224
35881
28099
196
34793
20021
34873
10177
1046
5083
5701
19558
32135
22335
28015
3009
28105
24107
8382
9420
37016
3383
35945
6180
1056
25460
26980
2740
25300
29028
37126
27822
23498
30281
27759
33845
16937
18592
26323
29848
18132
21077
3728
3574
7009
2076
3774
6999
20018
11515
25735
6752
10806
16553
20887
3371
17864
32005
17830
31335
22072
34668
26640
35078
12882
14455
22611
23921
16552
1583
3018
5512
37212
14692
35650
7040
14523
10174
22720
25595
23103
26367
10181
677
30806
5559
20383
941
7487
3389
3222
5511
36086
2903
16889
10189
62
32408
37088
24608
9599
9264
8145
13345
6781
26588
23931
22408
28117
10310
18181
34880
14599
4151
37412
36501
2477
2936
6747
19814
23538
30897
35487
7390
34405
1970
16560
10273
6924
19476
7790
23951
4728
12372
25479
28042
14903
18702
22627
29529
11724
30114
18326
27654
22469
29213
812
28598
32617
3864
16301
25964
15617
25471
14704
800
17614
20618
14088
23768
21970
30064
299
33621
31952
35963
3223
3880
4678
7939
4051
32000
2385
22867
36210
19090
5909
29069
1861
10191
13388
19443
20108
2290
19797
26285
19246
28999
34610
15432
1928
15242
20739
36647
19227
15507
30445
5940
11307
23772
21394
27112
35099
37484
33378
16576
2766
21893
16278
27673
28867
16605
18703
32049
19289
14387
7793
19676
1451
3704
33683
11989
19300
28718
35837
15786
676
34626
13240
1572
7114
4198
20557
21572
1421
23554
29004
32429
13449
26641
36669
29086
26059
14851
4152
15653
30148
24154
27318
2329
33901
6680
4488
20818
2149
17426
17751
29302
32854
16137
20792
16
17955
3717
11276
21110
7268
31786
33302
8599
30516
2963
5167
27542
16015
6196
32403
24760
30376
5357
11092
24845
23091
32939
19777
7063
12196
20265
17855
35045
29151
9965
16825
32164
13017
23046
26142
29657
12015
20075
33499
12726
21920
21431
35630
14742
34894
18883
128
32015
35254
20612
23686
3270
12634
36864
15690
20447
25553
15968
19349
2990
15851
9708
36137
30517
4164
27214
35815
585
20137
3504
23989
32664
4836
2965
21573
16314
17713
27344
22956
18880
17846
12080
17925
1859
21965
26990
34403
3681
8967
19431
27588
24990
30645
6055
9471
32361
872
13073
15215
31152
217
23736
33261
24992
9926
30296
30893
36751
9230
23603
7626
2258
8956
33662
25555
11582
11770
37445
26566
4583
23613
4600
25888
28
12203
23884
12749
556
20525
10035
2204
17624
3104
16180
20643
3771
4303
27776
21708
30632
36749
27019
37524
2143
36564
25565
34213
7994
25168
8117
24332
29057
36622
7662
26767
17584
20802
15588
20572
15978
998
10190
249
22800
11261
31116
6451
10629
35103
10670
32242
37338
9464
11180
13760
8419
22809
24288
34951
24135
34239
877
29686
9426
34154
3585
19307
20858
29722
5269
19870
31976
5368
19116
25194
19835
21859
32402
18055
30244
20263
8156
28991
18188
10163
5864
13360
30617
13123
25875
7628
10171
14808
15593
29416
29792
33636
18726
8650
24486
35635
28039
31070
32948
472
1036
9310
24393
14625
31134
29316
14852
2943
4268
20600
22001
23655
33861
20686
30298
25267
19924
21116
31682
20091
22823
28945
12911
34604
5795
31691
34481
34608
6505
12937
29605
15397
23010
20542
19846
19680
35286
64
367
2807
20261
5
6482
12385
35927
23080
3981
29376
9211
29556
16333
21813
37659
18911
30635
22585
37316
7724
9167
12560
1666
14506
16586
25351
25522
6665
33619
18034
3516
13380
23873
4764
21149
29985
16532
25709
27987
29970
2571
2691
34660
28889
33390
1850
10760
17657
5582
30967
9113
875
12023
24518
27033
11808
32116
26394
6169
19857
16332
7539
5704
20293
32092
5938
22382
28843
24056
22829
2248
9550
27187
613
29479
29744
31850
8686
11278
15776
32552
35292
1553
29676
37425
1715
32238
36309
289
10377
19863
6492
11310
14476
11583
23811
2689
24493
12647
247
23625
15633
11929
20445
35475
31974
11864
9146
5023
3525
30237
11800
28330
13105
36297
25918
25992
12074
25437
29261
32407
7254
18992
24025
31286
34714
20942
4940
1761
17275
23843
375
29690
15012
20990
32235
24435
14887
20971
3377
22927
1352
17948
37201
10250
20427
22883
31360
4403
17351
20136
26576
14741
22080
27563
17241
35170
24899
27331
36447
13974
30153
10997
31026
13035
7916
22904
17717
22879
1711
1813
18359
25961
4252
30405
15053
16199
22111
23445
511
17035
21570
34683
4737
35986
4700
6579
18603
17111
18109
5049
6474
9905
34656
29390
24224
30745
21219
7404
16213
16956
34655
25513
18238
33724
2993
24214
27309
449
13125
4611
25821
8413
24762
26996
7432
20337
35199
6590
32217
23719
10505
35259
8948
28339
31802
31603
1274
10664
11520
35631
18490
1758
16990
739
2033
10059
14531
31759
33200
8220
23561
29334
24330
8858
36155
33907
24003
840
6725
8671
22754
29136
3095
6142
27964
32145
1995
9525
14221
26991
15561
24634
238
5835
20634
36958
30262
37165
1267
35270
4568
18904
6191
23365
36383
29678
23448
5304
21740
5675
33474
1072
11810
21929
4106
10798
8614
26751
2789
1510
30233
11702
23599
30987
2373
22892
23067
27343
33579
9683
18806
21858
31295
9860
28737
18859
33787
14672
3997
1862
2195
19113
12262
4412
32434
10728
7608
10205
21382
2005
6597
33641
14860
34389
34025
10752
31541
1453
34289
22907
26090
26871
35158
34634
21824
6489
525
21939
28458
28692
36412
19937
31593
4182
16062
22429
35634
16803
21086
3008
12439
24037
33628
19009
33381
33929
3783
23265
4709
36606
3586
37017
37423
5073
10556
23007
34768
25945
3615
25787
2150
21936
14844
7175
22085
21384
28110
28528
19450
19294
32389
5237
28872
633
10411
16945
34219
34711
11398
11485
31317
1253
5282
31654
30634
9231
23597
36219
36653
26291
1494
29568
26309
10383
18733
1306
12638
36735
31805
11475
5756
19282
1244
4813
14343
1531
4148
32423
32583
33313
4524
26584
17811
14215
11682
15350
26750
32800
15835
1319
19461
31280
6532
20876
17433
24653
15923
4653
15611
32599
16476
28196
1060
16690
7474
2947
6882
8644
36265
24132
16558
24310
28983
7613
18030
22364
6029
30139
37387
37485
8677
18210
25809
32271
18865
4477
16403
22804
34550
7782
25736
34527
12807
20645
13583
14139
13611
21451
4465
26414
29840
19075
31975
14883
29083
15100
23025
28899
20680
2955
16744
3020
12359
20917
29500
30135
12334
19843
382
10376
12948
25039
19536
28394
12890
27709
9894
29489
37058
33365
13843
19794
3856
22490
34044
37665
5229
10779
22923
20489
9276
11657
23116
9549
20390
33503
30892
27968
36362
19180
24636
31915
9300
10357
25119
4506
24127
19288
24446
19972
30040
6992
25085
33574
2339
24170
35430
4921
14245
1565
8426
5025
34986
24592
25253
21586
7202
25317
33681
30927
792
19547
12032
9017
22156
604
20441
11474
36880
2765
20102
10028
32635
15430
33748
16410
26094
27303
21675
1239
21065
35384
12026
4278
18660
11589
12910
26192
28134
1869
4668
169
29890
13951
26884
34753
37612
290
18664
8400
6646
6926
28159
9145
30050
21995
32248
9002
27614
6776
34237
2244
24854
1365
