8804
3633
6746
21280
12712
29778
22394
26353
7839
21199
25354
29495
21620
33937
21179
4024
26901
4189
30407
9719
15268
18624
11328
32750
22434
30241
20812
29354
9495
7543
28574
3331
5971
15139
2701
15807
14332
5308
29790
23485
8465
29307
32158
16127
37464
22793
20992
30889
21425
36729
10973
5755
8637
33947
240
34170
5859
32983
36690
30419
11032
17037
2277
17123
23547
36804
15412
36659
15239
29941
1867
26045
31957
5080
3796
25268
16388
1519
1238
35236
15220
30676
6107
29620
35587
27268
14618
29656
12134
26060
22423
32689
12451
30610
7807
35116
10373
22812
24129
7496
28286
9339
11488
33311
34947
5468
34495
5877
34792
14791
25353
5006
14694
6429
33666
6041
5161
31466
17705
4822
34797
22399
9199
16738
8003
9210
10594
8088
25324
20318
36997
18043
28978
23856
18745
8326
10601
101
2001
28385
2844
16156
7749
21719
32505
35486
31700
14191
26369
27660
26516
26758
16434
33963
17133
20898
23193
17547
4894
15332
13785
17533
32668
27961
14817
20124
13800
14664
27623
35497
21795
16824
9248
17933
28128
8585
37282
34794
9472
23331
17016
31338
1884
4388
36542
10715
14565
11003
1696
5526
23988
5993
7929
17142
25079
27474
18410
31154
6473
2714
4173
2562
5897
25963
37644
13655
10557
35311
18327
10063
736
20532
34399
23978
6940
26529
19402
19670
27291
36469
3678
546
26804
26971
32755
36006
24733
4883
2503
88
27493
19405
6334
14498
7995
23100
29511
11079
20685
1145
10179
7847
31712
12287
31887
728
27793
3205
1315
12714
5143
2219
22995
13931
33571
10424
8119
661
8163
19567
25638
3143
19950
6112
34317
23977
4619
32368
19465
32099
21203
19215
3579
3109
7646
21882
20373
7622
34856
18278
3851
12654
34922
7938
10372
17486
444
16938
14414
17836
18197
33557
10012
10746
23708
35636
22661
13594
28756
23327
14610
26180
20561
4877
34578
2357
28603
3208
17621
28290
9587
13083
17652
34564
14203
13764
15128
28451
35296
27070
28073
13563
2193
23834
29073
26072
32836
1106
6077
2904
13145
3767
17823
24532
2481
24709
12296
597
10589
4513
3841
15902
20330
25069
27931
9171
16808
23376
28300
2559
538
9325
13551
11029
11542
14503
8354
12201
17677
22487
10799
52
33768
28040
30166
18021
31730
12165
24965
37260
27993
32411
32834
30189
28579
13769
4891
24744
23620
8923
34032
14186
16208
24552
15651
20836
18677
25033
1511
19904
9638
33563
23907
17620
13801
12093
24334
1821
29466
20312
19470
16033
15948
32452
33525
9552
9933
5617
34833
31423
17935
37234
31415
1114
21321
17145
27578
940
2201
352
31517
29521
37019
12549
7497
35030
17101
35791
32299
12163
8205
8784
31121
12257
27232
34221
21333
35452
610
22520
22084
17763
