32132
16611
31379
18037
36
30033
23309
8808
22706
30877
3624
29808
21816
5917
4004
8734
26308
12539
480
3169
383
17384
19600
19887
6052
22325
7602
13768
18134
26295
2458
2885
27278
17456
11442
24173
28494
35590
15142
28814
35419
26303
20364
22593
16029
8288
23436
929
19961
13091
30712
29290
9459
32514
1224
4101
10338
18453
7074
26913
6106
2684
25308
7567
33273
7971
30655
19800
20977
7499
28763
23421
35202
13664
14484
3800
26696
11688
33132
21607
35589
11536
11373
8958
21319
31281
18993
6430
23463
7446
17965
14316
2075
37139
18437
15826
9452
19265
20531
7600
3776
218
36108
24981
17552
11376
12092
2444
4529
30732
168
37164
24743
7947
8757
6544
31181
33679
24662
2653
26823
12967
25688
20400
35211
31412
4879
14537
16044
3056
14863
11027
23903
7321
35765
22667
32746
24906
15419
30650
20231
30709
35734
30611
15356
22238
12760
4960
7754
3794
21831
32310
14297
4748
14485
36818
4069
20295
20674
6405
30774
8061
23150
23501
6971
24274
32373
6399
16951
10015
28206
823
2704
26679
24931
13770
33502
24072
28943
8787
30592
2330
11795
18172
33367
828
15295
28415
3429
25547
13189
17869
11129
19642
25750
23527
30219
35865
29964
36319
13301
30176
35896
36250
5948
34681
4767
7473
35542
603
7166
34511
672
19967
17008
5408
17651
29041
14409
3367
11296
17716
28542
15107
12178
12156
18588
9958
11876
27854
1113
5652
10593
16994
9320
4362
21602
298
36448
12610
2660
27400
27202
9212
14420
26236
29563
33766
18379
9747
34372
16163
9694
3554
2158
21372
9129
14430
16037
32138
17050
36433
8696
28197
34267
16117
14972
1280
22317
9539
5801
641
35768
36283
33962
31999
3451
16882
29783
27188
26918
22215
2022
30024
18774
611
17130
14666
23353
17083
21793
8289
11089
5538
16178
36473
31473
2472
15201
25013
20367
12081
32701
33211
22439
33072
6141
8065
34293
37099
7354
14161
28964
5836
32216
24155
24663
8569
8979
35468
23206
19434
33737
14587
25659
23916
3763
17593
1800
36634
12024
7797
32024
16211
22928
8913
32531
17360
32087
19753
22553
32877
421
24000
10382
36300
23840
3596
5397
9620
24934
28224
34903
34007
29723
30882
12744
34818
10703
8328
24759
1234
14796
22718
21418
2939
7511
19836
5570
