33249
32395
15536
26849
12643
36722
4736
459
2658
1549
21489
28041
3907
408
6016
12702
24421
33354
33612
28258
3460
29766
13896
1573
31882
5930
11822
28061
10127
32751
11851
22251
28709
18997
11282
13159
33672
17365
19564
35215
37256
8619
31463
2482
37588
30905
20637
36905
32325
21035
7035
7581
30931
4419
13419
23395
26525
10412
21122
25224
22806
29194
20493
3435
9341
8636
12954
25271
28092
23470
12562
12520
35281
17294
13958
34551
10968
5416
4295
31968
30038
14477
11484
12776
2712
12374
24262
5927
16653
28471
2511
4469
21794
30097
5033
2801
32612
33310
8750
20086
34215
3911
8098
14413
31547
8346
31578
33401
8063
15962
34428
25496
420
5087
1589
23336
3677
4786
9935
35239
3779
515
20962
5273
36849
18617
35343
20366
1272
5392
22200
17251
35816
9561
22297
23083
36773
33358
9334
9883
30565
36693
10260
28637
7890
9535
24700
31453
741
8251
16640
6986
11855
22418
17919
7693
25613
31390
15148
17822
24577
31043
23279
15465
10082
24742
31806
15225
31536
14094
30092
14325
35996
32222
34948
13084
1536
26050
6246
13569
11918
23815
35201
5384
15836
25968
4723
30115
8895
27338
35928
8483
9371
24039
6813
36191
21443
18061
6629
29505
5678
20719
6374
21330
14830
28481
30658
29743
31792
29953
19578
32842
12618
31429
8796
4466
4493
22281
22456
16756
4343
26459
13405
7322
11924
8298
35073
29000
16919
24801
34153
28568
1749
12724
17662
17735
14433
21224
22304
22966
22578
8021
31329
8519
15827
7041
5780
25862
22735
6630
16764
10786
33361
21210
36715
12400
7346
12496
16151
28413
37526
33509
16908
8324
31955
22845
33786
10909
21121
37624
17945
27327
14716
22024
25645
17826
7642
9195
23560
9385
11704
32556
8116
1025
32187
34251
34257
13548
22558
200
18715
24891
1289
11674
35741
3194
34586
29652
34897
35800
3952
12167
3535
23964
21315
3690
32918
23643
3823
34410
14772
4889
3183
26638
27722
29701
31810
32071
28386
12147
31660
5494
29313
24136
18102
13792
34165
20439
33705
6148
10882
30288
23897
7972
33834
4541
36881
20074
19647
28552
15707
12687
15291
8963
21474
21863
227
361
26533
30749
10995
20444
23223
33480
4691
32126
24580
37287
27436
33698
1564
19067
27575
4632
29799
4949
36493
5872
28261
9818
33665
950
26136
9338
28271
2221
32922
19203
28936
5127
28407
7799
21930
31352
2886
11352
20681
10105
3845
36815
31724
34051
12135
4357
8590
36069
10623
19120
21668
25017
31117
35936
26289
18709
27193
14801
27459
32102
32626
32150
5937
13011
4408
5588
14720
3781
2852
37486
12839
30919
28866
18965
28096
22998
3807
35921
3822
13295
9865
12292
3029
16276
21295
3445
20857
31902
26707
18171
31184
423
9478
32940
30561
8480
28202
29229
4769
9527
33391
31506
9614
9987
5869
32931
14269
37642
22510
1746
33231
17153
30627
23275
33548
18371
34142
19897
23866
15975
235
3051
417
10855
12282
27643
26253
4287
6748
2887
32007
4313
25440
33278
35919
32159
8499
25002
31291
9977
6153
29195
996
24688
28358
31076
33481
13327
711
2926
8730
17246
30081
16658
605
36513
35757
20168
10331
25310
4853
32341
1158
2485
27512
26652
4344
17516
8034
6820
14973
23459
24665
6771
21263
20558
15073
31171
27780
33806
8957
19613
7746
3903
16245
23751
35745
5861
21537
24977
20507
9567
6323
36263
8306
4744
7144
29413
29026
5873
26875
11866
28704
20170
6428
5515
8582
35827
22531
20893
12310
13149
21239
27205
32293
24259
1557
28460
7206
7783
21145
16025
14928
4961
19848
1219
5191
36162
25611
3440
19196
31825
36610
34027
26425
27756
19468
13820
7708
2935
19228
20027
34417
7178
26816
23402
10472
11961
6606
31479
8855
752
23644
20472
6633
7932
30255
14827
28722
825
26339
7092
18495
16569
15171
35152
26815
16907
8778
28553
31574
260
22997
35789
22819
4242
37189
25647
3587
27775
32654
9022
11395
14555
8358
4806
336
5109
3530
16939
26957
33322
27479
8011
11786
29197
5774
16584
24866
6556
20403
24321
19325
16261
9858
15117
12468
1024
33511
9174
37310
11097
22479
23478
1186
6167
21158
24679
29737
35518
12367
29738
5183
10280
16289
33028
1302
12213
21500
20938
16038
35798
37606
29243
7970
24082
30111
16516
14739
37553
16943
6664
34688
37277
2695
5641
24531
30902
3732
16821
9711
32398
7
4453
15896
36033
7413
4481
24543
3904
11112
16848
14182
23164
12912
22172
4075
4988
33405
22653
3432
32859
31183
20852
15129
31523
3191
255
23315
10094
10201
27833
36697
24788
5712
9496
28956
11383
24781
16538
2788
31542
6542
19022
29252
3786
9996
3118
34671
36870
16765
27494
31315
23878
20430
30914
35023
15514
29854
37112
12568
24928
25777
16353
32147
3210
2931
24226
33024
9180
17356
23857
9624
9449
18959
25950
11456
33777
23518
28093
1179
26890
13124
363
17357
19912
29225
26206
4236
37240
11675
11680
17962
26921
33327
24702
4629
33895
17950
37605
33538
14759
1570
6649
25138
8472
21101
9658
9331
12958
14603
9729
23524
20512
24114
33352
24761
27274
20186
18673
13431
26450
12796
28571
7100
10366
30279
33581
34731
6105
25606
28643
30196
8756
16116
8511
11445
9759
36738
11295
24354
31663
35848
15292
14090
32717
14056
2736
12006
37076
27326
31050
31135
2083
14384
15351
13270
14869
11099
757
4415
27806
11525
7385
7445
28543
33270
17440
536
29160
6100
37688
14858
32632
19065
21948
21546
21367
10330
25463
18279
1578
35339
20436
10005
33498
15325
19053
973
29685
5911
20166
11478
748
32738
17459
15269
15878
31483
7070
4451
164
22877
3893
30607
12699
3784
23062
8654
26735
6066
13553
13717
10536
5341
21772
33888
6467
36115
6422
36087
20915
16078
24627
9393
14550
11845
17100
6156
37302
767
1647
13798
20890
20267
13963
22859
34381
7261
12798
7715
35080
35123
10068
36267
20255
22615
26520
4659
17720
2969
13782
7260
10207
28440
17592
26358
29150
16917
15116
1731
9392
29161
4635
37523
6806
3042
23641
35012
26699
5508
17069
15700
32002
35034
17773
7658
36093
15464
10139
150
3684
25258
34049
3949
31914
1384
26399
28631
3369
10637
3540
18256
20646
26448
36627
21036
10308
19187
2718
5428
22583
25566
5624
2677
28560
12974
31811
22501
7546
27239
35087
27986
4810
10921
14787
4485
31397
12054
22038
31881
15123
18262
2821
13613
747
17924
24567
21812
32272
35342
27859
28369
17753
8941
19916
33881
24510
14596
15154
12717
3190
34615
23314
17572
22441
1929
10901
13493
27439
36862
10634
27809
7314
25791
24843
17419
26729
22357
31752
21241
5982
2235
23162
1350
14031
31288
37171
21665
5241
5175
30180
34055
28752
7436
13463
9513
28691
11683
16092
1643
23134
4508
36541
20521
24647
28056
1558
16935
21506
11377
29691
35204
6525
26468
4296
26560
37329
1538
20145
6812
28019
8019
10305
21560
34476
11206
8725
33431
29205
29950
21526
1038
28916
18431
10667
14651
17877
11294
11251
33248
7248
19260
8478
8371
13752
32756
22910
29265
25146
19853
27813
19557
28946
13113
33476
25307
34865
13258
20004
18942
13834
25141
26766
27198
16617
19054
35248
6759
9043
29158
8761
17616
9259
10193
15060
7069
952
31275
7244
33508
33630
24975
17489
15469
20000
15823
27947
8598
37475
24442
31635
8076
28150
2455
6239
29340
15919
28146
9094
15300
1233
4271
25652
27160
19140
8243
951
30804
21275
27029
14529
13141
7827
15017
36237
32593
35147
26589
5298
4266
23166
7720
29468
30382
23558
8
37382
8361
32964
29325
8540
7355
33961
11980
17308
4625
29271
35432
16093
23762
31937
36898
13495
34200
33089
30464
8566
27695
26908
6951
27167
20793
36800
9662
10687
10365
29014
14079
20184
17858
3894
22915
24360
10137
19055
35244
22655
18936
25155
3380
6836
7697
14731
14006
26802
3079
17211
21773
5312
17120
14368
1286
5149
24352
25207
11275
30529
22749
4509
32526
27948
8492
22334
8053
9227
20697
11053
35299
7863
246
12421
18219
753
28829
33233
10055
20661
27175
32677
26582
13443
5484
34110
14805
32698
13062
37339
5160
2113
25614
28436
10161
26476
5759
26078
14424
10656
9018
18026
7411
16677
7964
12977
30569
25599
1642
11297
8330
32545
35193
27457
18998
33577
29231
6848
25984
36879
6367
9790
14169
15175
9579
33301
20888
13644
10790
33691
16691
14978
29811
36936
26676
10515
25174
32905
31951
25858
13427
416
22619
21697
17375
14234
8307
18384
7373
7447
14946
31741
6870
37134
15853
9304
18209
23384
2799
24463
20596
20913
34086
10913
28287
6809
34878
5288
12433
97
20243
15856
30253
7155
23253
15094
12635
4598
3106
19756
5284
22838
18156
28311
29570
15080
9578
7582
18559
1824
26334
21229
8470
8545
23212
32109
5371
14337
19264
22833
19049
14428
11634
11755
16739
13381
303
31580
19312
400
14247
7843
26985
13670
3257
4873
37385
27783
37124
29904
37656
36569
8573
19978
9023
2612
3941
9374
34019
2049
28672
35549
2994
6596
19903
30299
21544
19823
8321
1397
19444
20505
8460
29905
33252
10658
8591
24956
24995
24792
325
34483
31702
22352
13325
24353
24988
23221
22255
22295
22856
6834
26961
11938
12264
19514
13509
1152
15216
35140
12590
28352
10981
16879
11685
8313
36487
8131
8463
21290
14492
34307
30923
20093
37394
36901
9877
31211
20369
13671
28739
9123
19742
26732
11469
10989
11329
34370
32729
36042
15745
14842
21012
22069
7728
1235
12108
3338
32639
23551
26152
36190
16235
33099
25861
19480
3817
29923
6145
19592
10287
29096
18739
4207
35779
1147
9668
6434
8508
6535
13779
8968
18458
30891
17494
24400
22081
12656
33763
14554
4558
5601
36077
30058
34575
4490
36045
20101
33623
17951
34853
31238
4058
26806
27413
19191
29187
33209
22330
35591
22843
21691
22916
14580
31220
5256
28736
5886
3687
20879
35553
31087
32184
17245
18427
31125
10564
7652
9846
8455
21890
30626
14532
7229
10709
11913
20805
32053
20324
34427
31500
568
12753
13824
9278
7515
34233
30783
27830
5320
29944
18392
37689
1705
7326
25811
11700
13367
28291
