8325
13209
12151
14608
19527
18776
22957
9562
5656
24377
37008
23738
8732
15414
10474
26822
20246
28201
18418
18749
12424
19617
29937
26711
13213
21596
12103
16743
37296
16768
37676
11178
27373
16376
16838
31823
4316
2417
33840
3087
1264
17532
9439
26704
31844
26095
35687
33946
17784
11446
10784
6884
27527
28448
21924
27034
12640
35724
15911
16805
34072
31581
16385
987
21253
37054
18629
33283
33778
34316
4277
15318
9791
24142
27976
356
19213
5445
30273
3553
19298
26559
25515
1770
11479
19335
3753
8369
5983
17141
30744
33415
25329
6988
33642
33603
20033
7295
9468
22372
7526
3343
7458
28564
2212
34009
16393
16285
10704
12295
30664
20859
17985
4093
10389
21107
12919
8547
14546
26510
8575
18009
17607
32529
14487
33030
10228
10602
34524
18069
32433
16006
30198
17315
20914
25335
7726
30045
21737
20997
20412
16107
33469
11716
24201
28164
27514
20737
6970
27637
12066
32737
3735
16306
9361
5590
6099
31292
1840
33648
16814
4566
22978
26868
28336
8380
16472
5597
1326
22298
27168
2638
8350
2835
12923
25711
16812
22713
10797
5014
30603
16478
10493
15718
11137
23746
17810
12157
25715
30722
8833
21758
4587
27328
15119
9081
32175
29750
29516
16833
21323
14803
2541
6745
33567
36464
19216
24326
10621
3400
11585
36855
302
18640
26943
16080
11168
11498
481
27898
35068
6869
36262
5338
28711
14412
24508
14112
19383
2422
15259
20951
12735
36550
32260
32844
15532
34463
16832
4138
7306
28640
32095
15773
3162
37540
27590
12186
36226
30073
28721
15949
10477
28325
16133
18977
18488
10738
34311
10684
33859
4484
36950
29807
18846
28088
3271
20345
5683
33407
20446
24494
17435
25087
9897
13941
2114
32577
11080
11284
23773
1266
15396
25499
3721
15502
17007
26579
18423
10348
35875
19663
16149
7391
34080
14798
18329
34960
9481
36534
26646
30238
28545
12536
12509
3263
2047
3485
11581
34566
13541
19085
11330
12868
9226
19561
28524
21015
4365
27319
32354
5260
30368
139
22893
21363
15287
21377
5990
35637
19618
31293
34052
27887
34545
36742
21551
15003
20070
28950
11063
35615
23677
32139
12456
36488
7102
15158
13484
20453
4537
33524
13016
10941
36076
10296
11959
22987
13211
25373
9118
29894
6224
3082
4225
36171
25753
33529
16981
13522
15715
16763
22607
12995
1182
23243
34699
17455
7527
12120
13492
18971
9895
36255
9595
26847
8300
2453
8374
492
34600
32318
10132
30227
12599
17157
21130
34059
19097
29085
4701
34831
21735
28207
36023
21475
3036
17302
36922
3171
21281
19466
12368
1399
2389
37187
27903
4904
34404
11764
806
30106
31510
608
36717
22428
21552
17531
37669
22509
18451
12407
9150
17500
35868
28251
14746
11413
27352
37216
5381
2230
25139
36656
6974
15647
32644
29838
8915
19311
24625
29856
285
23232
30760
33928
26251
30625
21911
22214
33488
29966
8224
8949
13290
6413
276
23799
19083
19069
9125
22313
5262
18569
32857
25670
34395
338
16182
1899
20339
3898
32194
22657
3243
28293
27040
23380
9474
4091
13547
15849
23246
1674
35775
14949
34771
8068
7896
20711
9836
34885
1752
14015
29933
537
30950
15262
26645
27129
20408
27617
7948
28759
24840
12119
20234
7987
6255
36209
22795
11444
12326
4994
18994
5211
28060
32166
3044
3201
12759
36830
1489
3497
26528
12895
28065
15698
6983
33040
21617
3063
6990
9376
15893
2725
14338
23407
35411
6703
5662
3567
36212
18158
19365
11725
1345
3297
36444
23786
12476
21013
36359
10678
24827
15867
22641
27662
10880
21782
5904
32212
1048
36453
10478
26183
5985
24454
17063
3410
13865
20455
26479
9813
21464
20219
7711
13082
12545
21517
18012
24654
8825
14927
5798
18892
12386
30392
19172
36349
31540
319
24763
18689
8083
36205
13619
29771
31732
12650
7095
11340
25785
32963
25260
23121
28445
11626
26740
8303
18631
31233
3648
15207
18306
7690
8331
10834
5306
30600
18258
21326
32671
36579
22739
24194
1367
6240
24479
13763
32390
15728
715
6567
6388
19688
4761
13087
28475
8014
14959
4248
29835
16198
25998
36446
31807
17511
22306
17745
25426
8910
31761
24893
23534
11466
15928
14499
22774
6219
157
34133
21259
20609
20483
31553
5609
29644
2180
6941
11880
30872
21103
23455
36111
26467
634
24397
14698
35712
12956
2394
4131
32946
21408
30742
31561
13322
6676
14526
34011
11949
11387
22628
10146
24808
25524
5474
12619
19587
30873
32571
14452
6312
7305
28086
23360
31973
5910
28199
30112
36096
22384
26876
27537
28465
23348
28354
4944
22188
8832
23688
10719
17496
7548
6062
8975
19131
23559
36771
15518
3174
37341
11517
13589
26182
26846
24250
2973
1809
15004
6570
26720
5261
37495
37352
34957
28860
30140
30251
20647
19385
6636
20968
29497
11791
27624
13053
10990
30089
12596
33444
7186
6796
224
36244
6979
19128
34807
4047
35646
9451
37123
32077
26371
30091
30988
1153
26265
27316
34844
34592
36261
34543
323
4979
12841
11047
20307
35314
32977
25959
9004
6502
25592
17322
24261
6478
19110
24438
14994
19459
7093
8667
36268
26277
11354
32952
32916
13310
14372
8269
2982
14557
21750
11981
34437
37465
34777
19988
5245
29125
37396
27818
2125
31729
1389
34188
4054
11823
29137
14406
37094
21760
7647
6462
30778
645
28307
10152
28438
37015
32914
15427
22610
4845
11090
30581
3489
29182
3292
36386
25617
18221
8856
7957
14902
30161
15421
26818
8219
7136
26238
26262
17303
36405
3897
18504
31703
1466
33987
18443
28901
33456
26480
1223
27192
18198
22388
6514
25235
25352
22645
8477
18821
9569
28052
26910
18271
31448
9695
3798
27767
36332
407
26013
19344
1828
15526
33731
6188
10991
26710
21716
15206
30790
20696
26292
1775
36778
3359
18930
1973
8557
22730
29668
32699
17818
28456
12189
35009
30360
6947
5972
23303
8534
27382
23028
21636
21365
23757
29800
24831
4038
21387
548
8716
10734
17755
12666
19809
25990
33719
30531
29984
37528
7969
1714
33027
2776
28364
455
20340
667
12524
8806
17695
25157
27659
32721
20583
32972
6977
6411
32894
1898
35593
19014
26914
2140
4933
37128
21770
1663
13962
22876
26234
19160
19973
10501
19607
32251
10742
25835
24935
5622
34382
2138
3066
9672
35889
29363
27895
20668
20862
15832
2064
4875
7719
30935
4336
8170
32991
37579
41
1702
11345
12927
13726
17928
26743
30325
16724
37375
14040
10144
23549
23358
8244
31481
20928
4416
8397
18192
11575
23826
766
30031
32546
351
21915
22569
13940
36221
23621
18112
23945
30794
1498
30026
18374
5602
2919
1080
6033
11759
33176
16931
28517
9840
22192
16969
31876
12009
507
30859
10808
31408
11458
31021
10783
24372
24108
28212
3235
21483
19138
9779
13188
23542
543
16377
15675
1316
466
20813
5554
6543
1298
17860
16683
26493
16705
33792
19673
26814
25296
2842
22208
24848
32598
36548
11650
35614
14029
2782
22168
16652
19389
31504
27595
9697
22649
13539
11629
2073
20317
5887
30505
34800
12128
438
20570
18162
32381
3751
12425
10759
21495
21641
5063
27481
35794
8809
20037
5486
11714
4567
467
27979
14634
28942
11428
7566
23280
1004
16442
28695
22186
33854
4036
25906
1071
13195
28222
32371
8743
28400
6839
2608
4384
1585
1512
30735
37384
27886
7769
23759
20587
1507
19801
25905
30188
21756
1725
11122
3151
29277
20253
4019
15046
32018
1022
11767
35855
25843
25572
3916
33896
9176
20463
3428
12034
19059
3267
29159
22942
18414
8899
3858
23368
20591
19430
8389
19394
22599
3844
3349
13518
32078
19933
11049
8567
6610
32535
13534
6397
28381
27838
8563
24221
32246
32628
10274
32769
5722
2065
18538
28057
15363
4522
18317
19377
13803
32055
28237
9837
32847
668
23410
11885
26249
23802
35133
32460
6018
3084
16678
12934
7565
3011
26108
1385
5711
37018
19829
21470
15596
2283
37643
31544
7494
10576
22808
17397
30575
17698
6623
19081
16113
35836
14425
13586
16841
9409
28902
22994
27204
36367
4008
4087
22033
13482
13500
15787
6778
34749
9445
24584
3901
27337
2607
12939
31382
10077
5884
35216
30657
3462
10061
4692
6320
4000
23259
24311
22347
27939
15607
27472
33370
1880
342
13268
13567
15256
24929
11351
25165
21724
34060
20866
18469
22999
37326
6241
7392
4745
31994
9350
12087
26348
26141
16649
26400
16074
5214
17058
8875
9428
7607
15170
16143
21884
30800
31159
20252
834
37489
15673
9954
22436
22058
1676
34245
33152
30003
37071
33409
37670
29863
31602
16254
30582
15549
14939
19643
20576
27511
14007
1636
19421
2443
29850
35864
33841
7850
2591
12321
34445
9037
29606
5329
20750
31228
17309
29402
18978
31309
1613
12154
35998
5654
19019
19107
8589
17154
23877
9743
31451
33950
37649
16760
26586
6384
22279
10120
23592
29210
20251
33551
14213
2700
33379
3002
30998
33982
25911
36320
764
33510
34456
17503
11933
22104
7459
18831
21163
1908
1237
5749
12462
12772
10206
3001
28515
3758
31830
6315
12541
36458
37114
35551
6272
15959
11586
14002
37244
14441
25953
4987
37391
8210
11584
4545
35300
26406
16419
23711
12788
26389
8879
5079
104
12370
23665
2840
15255
5648
2586
15585
12548
13241
16871
25851
30377
29417
26508
11429
29586
12886
9680
35303
4005
10802
22193
18022
9882
2995
26494
34177
23393
34248
7067
27966
32592
4648
2589
30354
19073
27284
6230
1039
25091
23574
37570
4713
23308
30542
28951
3536
36721
2358
1291
7848
23323
24051
25672
25492
11154
22453
32841
33061
24753
35177
19975
17689
34216
15909
36225
19655
27194
9368
24952
26687
6573
25681
1181
35260
9142
35537
7387
24267
34312
10900
26
25919
36064
28032
34616
11120
27552
18920
13353
24001
10145
11249
14950
27346
24610
6236
20541
14764
7924
17380
32474
28876
19648
36954
15625
31051
11717
31
24767
30701
31796
25257
32441
34506
29449
10573
17941
8717
4175
14113
22183
18561
15474
9797
33890
1717
26772
4658
665
2696
17501
9682
12612
25078
34710
29075
18636
6919
24894
16277
2605
31193
9444
17084
2555
22790
23018
14633
29407
14740
5946
15435
16574
2178
25170
34512
4885
21473
12238
33885
31065
27840
14086
10581
10588
12705
18877
5757
36982
11197
22236
22420
30775
35841
11203
3277
16893
14138
28349
33713
19724
6933
8284
7544
37405
8512
17604
19940
26373
4577
3986
18480
23985
10889
15769
8777
116
27688
30252
1099
16201
2828
25640
4596
4053
13315
18377
6881
7904
341
36233
27908
17383
8797
7492
15485
20076
7943
12849
21144
36526
10847
4071
15185
19414
16032
27707
4693
2794
26654
236
8402
3180
22764
12499
19006
30277
15560
24306
11414
19179
43
28242
37192
29491
28145
20597
16296
10613
23763
27690
20594
26202
4592
7380
32855
6073
14244
17634
29080
36763
6324
32995
31629
29221
35964
5767
3117
28119
20871
23185
6270
35508
7537
30994
18120
33201
22461
11831
29216
13249
37206
5724
18050
33085
7134
9411
27692
21855
223
6810
35977
20384
8516
9793
11039
34249
13984
35854
3665
26590
10577
17358
26044
5333
32344
9063
20414
26464
21401
11252
607
32375
3132
17368
37673
16273
28504
1112
9498
35470
37477
25251
12893
12817
8370
32317
2067
32814
3568
25916
11963
14045
14706
6122
11797
22082
5693
3423
23936
1658
14371
4637
8453
17404
16973
11922
21942
2544
35933
23739
17999
1456
4966
3906
34864
8166
33264
34185
33730
6203
33377
18587
13911
26790
2502
35141
26390
35005
35436
6702
18770
29816
32315
9484
32481
29173
7643
11733
23156
3561
8149
2826
30202
33383
