27121
33450
30409
15151
18732
8587
2372
14205
17699
20886
11106
13605
17603
14642
32191
16809
36090
10772
9355
411
37294
14098
33716
15612
17911
25689
1632
24431
24008
21033
13840
37215
14265
730
6377
7431
27101
37151
12775
37200
37290
3401
14473
35673
19726
14318
25454
36292
37443
36726
27649
7181
15183
35595
9148
5135
6425
14571
3868
17221
18885
16172
16050
4981
37360
281
34804
20399
37311
4360
18903
1202
8195
31897
30378
5200
15252
15530
12191
19416
29619
19968
23740
11070
18654
37243
6326
25128
11331
37346
21559
7867
1514
36809
30958
11116
6327
14510
12537
13527
31330
11177
29312
28630
34735
13514
31907
15924
10043
29434
31402
30436
15623
37483
29698
20945
32942
19491
36044
5529
11946
34448
35923
27912
36984
37521
16341
7713
26418
28122
2892
11406
34274
36030
20826
25952
24807
7923
36230
2234
16241
21578
8225
7271
573
1611
20782
14067
13853
27231
11346
15743
25537
21368
4011
8466
802
13056
27872
21312
3072
31060
17885
15825
23454
31059
3402
22789
25197
956
6039
11349
22234
18032
29618
20468
16282
15671
809
11260
25004
34759
13887
2918
24024
7678
20402
12743
706
11019
21238
12613
2433
14970
21616
6949
21833
17594
7227
28735
16905
13822
277
5170
22896
28081
30476
15106
16458
17105
15732
14910
36951
33198
37474
6152
34533
21125
3935
34744
18065
29913
32781
17641
26325
27340
34781
14209
25356
5960
32943
5805
27380
29655
14790
16441
22712
20478
32170
2400
22594
23506
33899
3166
10267
8854
9413
23529
23017
29092
20804
30077
2323
29999
8122
15355
8262
6815
30519
25276
11957
4165
1057
13696
9961
22471
13796
18822
11554
37470
30082
31916
9351
14227
12071
9079
23333
27252
23069
14815
10438
23210
33715
29295
34591
7878
10320
2566
15403
21829
9640
19396
9531
19830
81
28610
30818
7105
8946
29499
5631
14809
5841
14696
8815
16742
2690
5072
15672
34899
7037
36472
12523
13641
18340
31478
21888
5621
15312
36529
28461
35269
21732
25095
7384
24293
18867
16428
17166
37427
29958
28931
25621
32206
34935
29288
7486
29239
16042
23040
6319
5479
7960
21881
14877
13919
36081
21786
28191
12570
13197
20638
14095
15913
181
3182
28861
20682
34542
591
29379
21414
13880
14519
25254
15936
2494
1016
28457
9689
32812
12453
24993
29815
22732
34088
12291
18430
6432
1502
10342
524
26682
16916
11127
20766
12929
34447
7133
11948
2750
31064
19803
4778
8412
29696
36100
17022
24882
9750
20873
26825
4305
17339
11543
25239
1645
15388
14785
28179
19002
21550
33105
13421
16997
26077
23707
21276
28784
28896
12626
5666
23339
37026
17888
27683
16492
28477
32001
23283
31692
17626
22494
29121
8493
15323
36183
35922
30571
27934
28920
14418
23525
20867
22233
35013
10575
23646
33101
35212
21088
19198
36091
18535
3775
17832
25960
35209
28577
21678
18520
12363
18644
16896
25098
35531
4134
17653
35832
34798
27777
5812
23251
33891
10757
19683
17926
21310
27255
25108
13755
10821
1559
25458
31031
27345
15436
30493
13653
31476
9826
22107
35903
28869
18331
18213
2767
35858
25414
12047
9637
5730
11615
1819
20356
11654
17470
28855
15914
19374
28236
24673
182
19278
31069
21462
814
18789
20196
10304
26228
3594
28913
9941
26904
31187
22312
4351
1006
2421
19151
16621
23167
16499
29651
30183
34509
36363
12097
13488
35467
19728
28792
26326
18211
10241
2510
13566
87
311
16529
35491
30055
2299
33242
10748
33986
11813
4817
22644
