33154
37138
11083
19684
17975
3637
27082
17013
28248
24905
24839
36909
29763
3990
18751
3306
22564
2442
184
26877
31149
26200
5748
34747
21038
18954
15555
23850
8646
2056
11917
27680
23297
30163
25503
26065
27250
24343
4470
23714
23818
7213
7104
14635
23060
19358
18151
7438
21309
30373
31304
24010
9297
6790
27391
18200
19245
22299
29764
37493
31577
10692
21851
28365
20880
2808
34690
12604
12542
3032
18320
29827
27497
8037
19170
13903
19645
25576
14954
21547
4793
31935
308
19330
34002
26701
18622
3797
10352
17787
1445
24718
35134
30320
9907
35369
4048
18038
27031
3031
30303
10081
27983
31797
1691
2504
31843
27635
21979
19841
20785
20088
19324
29553
17633
12525
28532
35616
9395
14606
28426
26280
24969
14895
13028
37193
24333
32821
13632
33833
23344
19925
25398
23991
2231
2285
8440
18960
2810
920
37578
28100
6289
12844
3226
9727
4712
33708
509
22899
15883
12505
24572
29715
22402
31441
22417
10737
8625
14003
12231
4698
8877
16778
17515
18165
2742
25115
13872
27719
21170
650
28719
18825
805
36337
26569
28859
36608
35522
