11225
17676
16631
14177
31034
20861
9315
5694
10905
25999
26650
26293
7951
8337
15939
14483
16475
10794
37161
10663
22389
15333
17377
3860
19712
29889
12794
30389
33466
33222
28575
17335
19404
34944
19351
5188
15580
19744
35262
326
13587
30524
5017
29331
12971
37438
11637
9201
4855
19745
21797
36275
29023
9465
12600
17318
6309
25748
18199
8531
20193
10531
22333
1228
34682
2872
29397
31255
4638
15817
3747
33362
12859
5419
5751
31662
33591
21766
25819
18635
28512
34522
10415
14307
24841
19352
31392
17330
6574
25882
28944
31988
28006
3122
30656
1118
5490
37157
34812
4328
26026
32761
21973
33680
8333
15093
36559
35735
35089
12254
27746
34705
18369
19874
9239
28283
15244
9921
26963
11410
32985
11835
17066
746
20047
27874
32819
1811
20084
13773
21805
32539
14639
7979
16086
2370
31000
27860
33236
32197
18035
13396
1318
23513
30334
13647
19483
28914
21171
5429
34605
15115
36837
16752
10087
1723
26173
17649
34300
35656
22729
27223
24040
10209
29037
8724
10503
26461
9936
33789
5427
35633
27106
11326
10969
1686
35150
11695
13976
7833
