16290
4275
6310
34246
31698
18785
28841
2027
37555
8735
20948
27571
20149
3214
11670
4721
33702
10125
8613
16740
19725
15635
30150
32199
15218
4530
33478
26175
17458
22566
34126
15570
18411
28703
1041
30306
7618
35982
23691
35485
19908
24268
19867
7275
12158
28713
9642
179
20670
3113
27142
32062
18486
31981
5332
20106
6109
16003
3470
20475
8997
11943
19837
2669
35472
31754
29341
5096
15657
36857
25923
30271
19524
13625
18707
16412
789
37317
23515
24448
35267
1129
16240
23382
35417
2104
23544
35810
28316
16165
27962
23250
4578
8912
26240
25865
13007
34467
35912
7349
6371
16669
4788
25597
34907
9713
22796
28376
32043
27723
36114
25678
4366
15499
28624
30269
22941
9814
34967
18287
25815
34243
7836
5728
12900
19479
34917
12051
7426
31961
10744
35088
33482
26500
2343
8605
35943
5945
11132
31503
8622
1654
5837
34650
35100
34652
31375
12602
19566
16859
28331
7154
9678
24973
13060
7231
10944
9555
35360
27550
12484
644
7226
5797
30717
35178
34306
10192
6103
29560
25118
36746
6307
242
24447
20510
18595
35574
24799
25792
29713
13439
18780
37418
24346
25032
28170
19840
3617
26634
25393
2489
31591
31119
23052
2393
16416
8451
12733
8221
29721
24615
630
9980
5883
3375
11115
33957
36750
33103
30734
25486
11421
19508
31039
17019
15986
25891
3269
14356
4844
33812
3785
23434
32399
7801
7425
6252
20292
19956
32774
17912
6092
5561
25620
8422
13810
9787
33426
13952
13667
1980
22322
22580
22145
27419
21601
5030
4300
10100
7891
30993
37419
27445
37263
34208
19489
9605
37180
9221
29949
9752
9854
31862
9279
9891
14324
26379
12754
6900
3161
14187
12288
14416
33914
24496
18802
1990
34965
22756
23005
36325
5626
889
15281
26159
21269
16718
9087
15971
34039
5051
18826
755
18150
14479
33479
29697
20279
9827
30621
32362
17316
28505
24675
14735
6171
23004
2493
14662
21141
8222
10434
8410
18976
5294
18560
19279
28282
20420
23300
21146
11857
31225
11903
6530
15935
21001
20519
15114
8639
8553
33610
32183
33376
11128
23405
26272
22596
1931
32882
17481
34717
8530
33614
24511
18376
26208
1825
19275
16858
10707
14693
9920
15942
31563
23035
21629
18307
7663
36941
28230
13186
20377
27613
19040
10466
23808
19041
25439
29758
36520
10527
9005
31879
33107
4803
7128
15925
2269
3436
3948
28038
25702
26243
10085
20203
21228
22376
34322
10854
14614
7152
22425
31062
34837
3246
11189
34166
17731
18672
4585
19038
30659
28667
5152
20773
37622
34449
28089
8775
6042
9811
35997
35940
17790
10086
35540
29703
14283
6135
22552
11748
4293
36602
12356
29128
15320
35097
21900
18532
18421
34113
6276
31584
5264
30278
25642
18234
621
11167
17866
35371
1424
29112
22570
24877
16897
26949
25277
30491
15222
25264
17687
23810
3588
10114
6842
6739
24989
2006
10552
30013
5814
29174
493
11684
7670
29350
11386
19626
25664
23077
32332
22640
26125
9957
29602
11576
357
4026
33736
14198
134
23329
27286
5212
24140
15828
28382
4310
22631
35797
8102
31969
22816
7555
6032
5139
3438
32410
26675
18841
33547
15790
32284
11970
11655
23777
776
32759
22267
1617
4007
10378
34107
1017
17707
24847
9183
17192
3116
1325
2779
458
31743
30595
10978
798
31894
19534
8293
22880
35967
27566
18995
12681
12877
11009
22868
22175
10240
2424
2268
17173
8821
30395
19386
13375
8495
21026
31928
22601
5206
2937
33601
15643
32719
23817
35085
9639
23914
8031
606
24696
18070
24686
8876
18285
983
1631
21232
21638
30791
4331
15780
10297
36783
16184
25292
32901
25517
20335
7925
34706
10440
29017
9016
7357
9287
14501
33315
10184
8772
12544
15453
32796
22750
17806
4680
22532
2618
21071
21647
193
20259
32124
32391
3552
25876
32256
6390
33486
27610
24471
21402
18024
27477
12530
14966
28782
17635
12593
17039
6227
28112
20269
24390
2526
32229
21140
26235
1441
8951
11353
29305
24829
714
15331
3386
34653
4758
17742
29269
7049
3999
19981
28213
3921
36135
12608
4953
36215
6015
2377
21415
37004
34787
14421
14997
31925
22292
1937
25031
21817
17076
34891
24541
23153
28686
26075
4963
4326
4330
27254
26947
4992
23550
15228
28997
14092
26727
23342
22048
4149
1363
29528
24120
22768
25756
2901
13361
495
22379
20336
8626
17546
8618
1739
16727
7679
34443
35845
31355
7080
37048
4820
232
13856
9718
8901
26785
17982
30549
4818
18353
19679
5950
31377
36744
17665
29842
8578
19735
14300
18357
14349
32193
33094
15995
5744
23706
37494
5892
9988
33046
25262
16106
5009
17617
37451
17562
7470
25113
30057
4319
811
2577
1786
27008
12780
13106
29319
7140
6512
18674
35001
31521
12106
20577
