35867
25179
5315
26958
16686
14212
1089
22782
22642
33471
13697
26092
17675
10559
4494
35523
30002
25907
7882
37471
7006
33029
37490
36055
23264
21411
35008
7339
31890
13609
25812
1095
16524
7852
29303
17854
31917
7562
3160
31813
5323
23837
19222
4128
22062
25210
25469
13598
3157
4772
1483
3712
31525
11279
19732
10001
33988
27363
1735
28777
15646
20442
27565
29892
25249
18996
29078
36528
36788
33206
22359
35949
6631
18163
25630
7513
4370
22442
13719
31126
22854
17121
17429
10568
27808
30782
23458
34689
119
30706
8518
15940
24347
13757
14558
22321
7317
21375
29052
32714
36799
9780
27450
35219
36578
31659
22797
33410
2328
25102
7233
36927
25752
30199
9677
24830
15757
32710
3922
34734
26457
3236
19504
33643
9955
18945
2431
21754
36628
11081
7399
33799
2635
10830
7090
5061
27803
16321
32060
26666
21435
23664
22666
1084
14242
24049
848
22452
7825
5300
16105
26946
94
10347
13504
23767
21864
16703
20173
31176
22832
25477
13638
36819
7491
33069
34536
2816
26585
16390
31518
19253
6134
19738
16431
13177
3508
5743
13836
8515
8635
14417
6005
25575
13991
5085
10528
14712
6854
29912
23576
24499
5629
9051
14670
144
36289
11124
14865
24133
13656
15321
29886
23838
28961
33296
33952
28755
15750
8753
13857
32961
19651
10840
27067
3059
4067
452
35828
15181
12731
3889
16119
15313
6763
24207
7195
15192
10595
9006
18701
11573
26007
18638
23764
34390
31365
15405
1164
3352
35114
31170
15191
28217
6301
18562
23589
16392
4193
22881
34774
22606
20854
18876
26003
23050
27370
16098
16959
33973
33366
11927
4757
9532
34989
20974
33012
21070
22459
16264
7976
19153
11051
31785
2337
35291
17420
31520
35773
9008
23958
31509
7810
14400
33338
35258
10397
3546
25434
27123
16371
35388
24609
6229
31217
10071
19928
36839
28671
494
23793
21376
2281
5547
11271
10154
21142
32718
7027
26979
7598
18187
1856
11534
19096
32415
19669
2672
27728
6165
2078
10403
29055
33915
37690
16496
3153
36652
6486
9015
22353
974
9553
5497
1295
13708
18850
25424
2575
27048
14593
11648
27302
30809
4001
33128
35822
27233
29982
10332
73
36790
36581
20363
29813
37557
16599
9025
7343
19819
