8162
1050
7368
15967
28132
15616
31224
12004
22358
36777
33517
32627
35182
27384
19657
9506
31587
5661
15658
37505
12324
5542
10805
10949
25348
6057
17499
37560
7203
4594
18276
7855
12303
16362
36066
23871
23276
10443
30018
14528
15822
24633
12017
22020
28488
36827
29757
10039
25732
28214
12375
30933
16381
9526
22405
21876
10328
9756
21988
25319
28393
35579
12369
5194
32200
14137
17179
28856
33463
15445
409
17879
14024
33539
26506
576
23036
1275
15846
33356
5252
10681
27135
37066
6644
14674
16335
27216
15544
28446
5691
5464
19629
36918
29687
12984
4286
11765
35233
37448
23304
2552
20310
22484
1935
20434
23456
4595
31260
22228
36200
7952
17193
29581
10166
26009
6873
15660
31556
34242
33741
22326
17518
770
11183
23183
35947
14295
20759
5201
7674
11804
4135
26574
7716
12013
33860
26483
16846
8952
28266
36561
16497
22602
891
27482
27626
24048
25616
16957
2890
35393
284
13698
21673
4479
7522
12815
8862
27409
22626
31515
37576
20060
10401
5013
36670
34287
7614
15149
35613
37510
10727
16323
3867
34988
8329
6715
14984
18990
11013
34438
21223
14684
35365
5440
27807
26166
37280
25370
23807
7767
15944
33721
11091
26858
25551
12358
15130
18809
17551
17038
16748
31666
15327
23381
1918
30151
17390
25758
27074
35576
16701
7671
27828
30715
30932
24837
29940
9852
13395
8586
32091
25105
35700
10361
19798
10605
29123
13645
9482
26242
988
30353
26446
3107
19734
25740
26263
30220
3583
2834
18420
8285
841
27708
12366
27147
2247
21272
21459
22554
30172
33848
11883
4989
2838
24589
10093
27058
25832
3570
12814
22884
925
7109
35649
37513
26359
5045
5168
3815
7165
18265
4942
6714
3325
34531
36642
9862
7856
10603
11709
2756
35464
37003
16041
320
25361
7528
36024
11306
30300
33082
10693
11973
10406
7107
8708
23105
30136
32999
6902
2359
21032
34491
35801
21212
30584
37160
5664
17385
17258
29168
32189
14292
4876
33599
6517
35509
35767
28683
28772
32254
652
21983
34502
16008
23216
13076
21702
1429
5866
32600
15023
35962
33217
14128
32642
18235
18027
3671
1874
7508
14774
23987
13538
28442
4869
26880
18031
27001
4280
3358
21433
10317
33847
22984
12340
32608
26042
14909
29291
36196
1745
32745
5374
4515
1651
18567
8989
21595
13531
13643
16578
31236
30786
13018
4157
31967
30736
21744
23071
22383
14923
26568
32937
7902
15977
14259
9433
32380
7048
28663
34378
20185
10570
17669
36288
36496
9888
24315
31891
16823
23106
18878
7753
11907
28048
28648
30852
24212
35297
32965
4462
12188
1485
5487
5916
13797
35139
6798
37584
25884
32276
32706
17411
19165
29423
14377
28520
14439
13034
35847
17579
28698
9501
15848
2720
34525
5400
6758
934
1490
18432
27441
831
10620
27079
17471
28981
29498
19334
14478
5530
5843
23695
21693
78
31044
9823
23399
13501
3929
13738
5965
23586
34570
20353
26298
32793
35888
2423
23084
5064
18288
32520
3790
1124
36443
35027
30543
7633
4291
22223
25096
14126
8868
15447
3977
27523
37246
16798
26322
21492
35892
23899
11204
17993
26227
5446
30053
463
26443
3602
33143
8481
30186
16556
14047
25431
9298
11123
28254
1150
3537
5890
3388
7500
13481
4240
28153
22722
16730
19303
18433
9044
13891
15503
26548
19513
29788
29829
35196
27736
966
4502
12005
31709
27478
12022
13130
30769
7194
22534
6627
362
11841
29647
13303
19158
12214
36491
5123
20838
12691
14078
15609
37224
5642
4878
12887
1005
32283
8024
20012
433
9685
21113
29508
24485
36680
13715
31316
3792
2880
22291
37544
8681
34629
23370
30821
23316
23168
12538
16774
11185
5481
9622
34108
15176
21985
4239
16940
25120
36547
17465
15594
36515
4572
13169
36186
21265
15015
18705
35295
9170
7307
21875
37281
17936
16660
8448
27517
34738
7007
13693
8559
771
36449
34693
7377
12740
23270
13247
28832
2498
16974
8900
22621
26813
28754
34226
11694
20380
27556
3177
22952
28523
25747
885
9358
34074
5720
25974
31530
679
2028
15090
1178
30909
16205
6225
18183
4800
14963
11460
15371
25724
32439
22834
22284
4108
14613
19716
6472
975
23403
32927
28636
27535
13740
1505
9356
24319
23575
25403
31649
3603
25983
582
33558
1073
32822
32333
23439
26239
5158
31061
17786
30078
3601
25326
18146
3069
13064
10958
7698
15966
28660
25339
2625
21699
12294
24525
25416
5771
30008
16845
6864
19070
10214
6013
37609
8498
20028
26527
586
13444
5022
11360
8803
8260
29991
32259
30870
2243
30599
12913
14132
13010
7884
3067
2450
27236
13626
21164
5140
28597
35197
25015
37450
20385
15199
34980
9725
34466
24786
36618
15713
1706
36163
31604
7106
2155
20688
18549
27601
17068
36768
3746
30763
20824
14729
26919
18653
8603
33135
22259
7984
36699
8870
10979
1401
9203
27800
17886
5933
15988
21074
15146
16539
15781
16946
29714
5830
33416
9847
397
30539
35054
4203
12988
21409
36667
6288
12931
30466
7419
7733
27994
33485
14127
30006
17265
4103
32012
11436
14960
261
6154
20918
19137
28694
5316
27877
22213
24420
32561
18593
25939
27207
1810
4086
33319
28819
31128
23493
28715
8023
25915
12842
19668
864
20163
4249
8342
2387
14388
6973
24146
14765
32669
34040
27606
24757
19381
3865
29548
18527
13672
12569
31037
13902
4184
18081
11516
14882
3693
11064
15364
30347
35067
18966
2506
17394
20986
16941
2271
16633
19793
7047
20704
23667
18818
33663
4119
35573
22613
31597
19994
34235
7139
30982
10567
21075
33396
26344
35851
18793
23151
21343
37109
10983
20477
18667
30243
5828
24614
27602
36282
26185
7587
12727
18606
16982
18731
16345
35159
9190
22305
28503
29462
2039
6383
6619
8322
24030
10977
16885
23155
20956
25263
25922
25654
6204
14541
241
20676
13901
24345
33293
24125
17161
6264
23039
30813
15370
24738
14638
31129
17025
11002
8972
36988
264
16888
9757
30079
36703
14120
6090
7096
21869
36082
21764
25244
16325
29347
28377
13908
10309
11067
1067
25584
20555
12493
21022
7926
1547
34982
17940
5813
4405
37262
35438
23424
29074
32957
7771
9607
21240
11950
10215
