32799
9359
24067
14381
3463
9244
2859
27674
9590
37608
18403
30426
7516
21311
28297
24498
20245
15260
23954
18029
29634
2409
4317
16797
30274
17174
5599
1992
35149
24917
9975
19582
7770
16487
30399
4573
36607
31143
7627
32613
31616
21604
13731
33110
21879
16791
26000
24736
29367
27593
34909
12107
6761
34757
25322
28004
4467
24820
11548
1154
5727
29133
29622
18941
11771
7126
24209
16582
13329
9902
131
29939
29051
25920
25783
26665
12253
14854
17239
31926
17277
16221
18066
17014
22595
16118
4032
23539
5044
20059
33600
19765
22967
29255
31391
37351
22792
9330
21690
2930
33586
33420
19309
4924
3607
18649
6068
8829
14163
1014
15429
37506
26765
29836
16192
21153
37009
25024
28072
25723
7044
22077
29877
1778
25601
15517
26431
32467
3685
4185
16616
22318
37007
14534
17931
4062
20707
10919
10224
1652
29058
11163
22973
14730
24
19268
22763
7361
3345
22444
16445
34101
32085
765
3363
4446
7547
20266
15704
12502
28064
17555
29066
8528
22443
5496
1582
17998
37589
12144
14101
5679
6464
28535
2517
13873
13730
19987
14035
913
11491
6547
4574
18196
16360
20081
17523
1070
25686
5680
33227
2954
28905
4137
21553
24280
2095
17087
4704
29559
26099
17284
6108
5238
37348
19399
36344
13210
31764
1837
4620
11496
24059
27283
19291
7509
10517
36831
34510
34492
20584
17204
36873
5122
9942
6037
32573
32350
12083
7185
19244
5222
14539
30270
4601
13475
14525
16087
17788
27238
31494
16507
20160
8417
29979
22288
1388
2426
15681
37162
22831
29149
8767
31278
9839
2861
20389
23781
33208
26898
3744
33034
2447
5865
11577
9910
21990
27913
4978
36740
30246
25582
29061
36962
20321
16470
30146
6720
4579
6298
25272
37116
10103
15535
1704
37587
6604
20320
18637
36852
551
4675
18803
31684
35688
32707
19754
24984
26058
34898
25214
36776
33255
11696
1968
2569
11746
33419
34654
30511
6181
8168
2390
36598
20174
30573
3748
14766
18927
13264
30697
8292
5106
25093
34144
22979
28582
22206
15642
23178
21687
28285
19593
2881
15065
8450
5367
23578
19267
3762
17958
3978
28801
6121
32497
30896
11119
18833
26415
6372
20291
22813
24270
28338
11979
34822
36169
32979
22669
28567
6483
2728
10948
27681
11071
12682
8770
25213
27275
15855
28027
10091
30528
3133
9292
13816
35403
13191
3980
5984
17422
32378
5389
22464
31866
905
35033
20123
4223
27201
23197
22959
33174
35764
33920
8254
37031
5846
25106
32269
13888
33597
5142
1448
1946
1132
6507
7145
30429
36373
6269
19805
9179
9922
32266
24661
32437
25531
2573
11114
24061
30586
2967
15516
23582
11819
18687
4017
31298
14207
10677
3237
35483
17255
37517
18958
36374
27906
15687
28908
2321
34229
29623
33578
36733
16709
17071
5628
24599
7196
9061
17222
19255
17757
34978
24605
16229
12089
18879
1677
23565
18135
37664
19910
17155
6732
37581
31900
31486
23471
21931
31353
14647
22849
12277
28275
29275
21243
27559
4254
27270
14399
14287
25698
9007
36136
25273
36886
1051
12498
29362
35224
33542
22901
5589
18607
33031
29247
22576
11966
2984
24153
3397
22178
16259
2741
32011
22721
19619
30152
13934
8046
15145
25509
26873
1123
4396
22851
18550
201
10410
19682
28021
8645
27579
17522
23684
7502
3886
13874
9731
1187
5951
16521
309
22874
14258
6638
23450
37530
269
17768
521
26596
29351
11463
26580
11544
14141
26893
23147
30944
29994
25850
17057
24720
19917
2286
1866
4422
