36281
30402
8783
22089
4687
17352
13042
29384
33298
19156
16827
8826
13078
22500
32027
31237
15095
9156
27227
25727
10295
773
7913
3752
13063
29388
25847
17799
13758
17080
15650
2804
30108
2883
10841
8442
22748
26544
30861
19677
27650
3649
8931
17685
894
5358
36011
16843
12591
25446
22063
26609
14788
230
11651
10509
1461
37049
26970
35003
11175
14933
16613
13448
33334
34015
36914
28858
13734
32180
6729
12404
107
36503
8005
32580
23290
21079
19806
31827
24299
28684
32309
26048
4768
9870
21085
15887
16519
31348
17086
4187
12082
36889
9880
30133
26374
2275
17883
3466
35086
35047
120
22762
19982
20607
1212
27053
28340
12410
33972
17873
36801
7956
9650
3028
17812
4866
4200
21589
30733
25327
15903
20895
31407
8940
1205
8945
11076
12881
4077
37433
35834
17488
26594
37044
20058
19909
19411
36365
12122
12431
35781
8764
30971
11435
30343
36952
35756
30434
8148
23349
31502
29365
1486
26153
9887
21165
2551
31057
22650
20278
16166
19106
33776
29772
34813
3970
61
26321
31041
3284
25066
37565
19880
34638
9588
852
7815
36621
29392
708
19454
28410
27667
35621
28367
7798
36934
772
26783
16268
3064
26752
13811
27911
8420
2163
6871
8175
5895
17988
20009
37253
16806
18186
32538
3108
37566
33684
21576
15180
8496
18949
9455
12136
22932
1607
35999
33596
11510
28235
18390
15194
29204
13269
1575
5302
22818
197
26167
10497
35728
7300
2751
1659
28487
4030
16860
27754
11834
694
20049
33647
32098
36092
27097
14246
7490
12976
19638
7284
11858
34283
1471
21381
9168
25374
3195
34198
13114
24290
32672
14864
17807
25967
4323
13013
34065
28881
11319
17237
24616
21148
5131
13393
24521
35872
32515
32516
22875
16826
32872
34515
2461
15266
7482
3007
1709
3030
6669
26311
12384
23983
20303
16985
23593
14083
29879
37627
21709
4394
21217
18743
13687
29893
25177
17307
5765
1346
37309
817
9222
25340
12672
25798
16733
11117
13992
12543
13198
16400
4202
33291
16661
19340
36860
29310
33951
37340
18918
15274
6625
19472
13112
30500
28180
20976
15472
23291
1591
29348
18173
17254
1331
12117
37466
1459
31395
19720
7394
30570
11860
25782
31192
36902
23999
22040
34799
29593
2662
11936
33639
24537
19970
31331
32409
36420
4262
20953
7276
30481
12902
11843
733
4283
21996
4892
13472
1409
22074
35070
24073
14249
24919
642
28155
10896
16337
36323
32878
1640
35037
