8795
29609
25266
16892
11631
36049
10483
598
22094
35511
7316
1148
6409
36220
2628
26174
23182
10242
27618
13271
22617
22493
27973
37519
10846
742
340
2232
8930
27150
8073
14726
27100
6509
14784
4534
11502
327
9388
30289
33177
6071
17232
6400
2733
28941
1530
21127
28808
1742
3556
316
14454
25394
19517
36910
20308
7216
5788
4943
37403
22268
27164
8355
6909
35019
9328
9277
5148
4425
9999
14072
33186
6865
30157
8001
33632
12880
14632
18708
5685
20754
10838
10134
12688
6485
30268
28140
3146
945
12494
12486
12432
13845
36131
6423
29294
3480
24509
14370
20044
34508
21046
14285
23192
17137
19644
17320
7161
2616
23170
19449
7113
1374
13907
15112
3300
32907
35188
11679
19012
3357
32086
17729
8506
25333
4928
17981
35136
33165
26028
28387
5715
6878
16159
27747
5205
24202
2975
10867
31809
31848
30041
5379
11871
29717
31576
11417
7704
17920
29732
34554
24092
29825
24923
26244
11689
16112
31652
12708
9419
11241
18626
27169
3231
9024
28569
27503
4452
9000
5278
30311
3342
30455
5253
25092
17769
32833
22878
19544
12739
3680
5286
13720
35024
21685
4167
27653
20032
24889
13428
3311
4156
33170
35577
10565
19743
258
11734
36645
15002
23997
34809
10984
20520
25765
28161
21467
36375
30805
24632
32023
15005
29880
33148
6453
3334
14691
19017
18602
7907
7360
5444
18575
23722
10121
20217
27524
25855
6050
30319
16152
465
20079
10095
23294
5340
32036
9217
1192
33500
33800
12540
10862
9238
16247
14362
15614
6002
8631
33193
3654
675
8467
10547
26706
24054
17791
19879
3453
6905
36010
4742
9442
9577
18615
19407
23444
24422
27832
37439
4559
34630
15537
29206
11499
1851
26364
25167
7059
30908
37473
3832
17740
12644
2136
17412
29464
1989
21151
34439
12611
28476
5541
20679
2345
18047
31399
30665
14027
32367
33568
23207
14913
37068
8091
36455
25456
22597
15590
15204
33878
13753
5019
23356
9398
3768
21138
27670
2326
19888
19189
6640
32503
25189
8747
15974
14076
32925
34929
26210
19875
34123
34155
36120
7812
8399
29786
15726
12301
5020
11309
20451
24501
5521
22674
26055
24565
4402
25012
31103
27174
24277
24361
30641
12907
24986
21446
991
31772
35770
36805
1370
27572
22054
7039
2303
36301
28211
33304
21535
18169
23521
15920
32463
31130
31290
23496
23477
19983
1764
23179
34452
7892
11672
17287
28130
28189
3304
30315
24109
34462
7840
780
9333
32275
21056
11337
26905
13090
8992
26807
37680
19717
27870
8666
18634
6741
26923
32823
10615
1832
26451
20438
27901
18517
17304
21928
13274
15048
17777
37268
9386
30019
2368
24215
15310
35680
3232
34613
24308
19723
10157
27246
4414
20205
37514
6365
34100
17655
20286
24913
15440
1375
2117
32730
3852
13170
8002
26688
584
13334
22185
18091
25028
14820
29995
20692
2468
8316
34764
29236
14263
31469
17612
30352
11537
10208
6823
6179
8314
24365
13172
31496
33290
23823
1329
2595
3163
4118
24245
10384
37258
5276
26212
33433
11432
8988
36692
12391
10835
37196
19661
28586
2596
2363
24273
17236
4034
15373
11722
16068
15760
14493
13747
16135
33655
16682
4020
24126
18571
32860
28109
2599
19658
32352
17506
4514
20456
16209
21777
13996
27774
29035
25425
2108
27622
27465
33497
5295
32904
17200
4353
11619
19710
12942
8819
9336
11269
11483
35210
31546
34184
28670
10683
24239
37208
2037
21294
6890
34181
34156
23461
29844
11317
11960
36000
15254
11364
6124
11069
2757
25793
3328
29699
9969
18155
12492
1349
30992
4779
33459
10627
5100
2849
23255
26995
11476
17491
6243
896
37413
35443
21421
6265
8082
35659
2103
5447
7348
31623
28433
2773
20728
15055
37154
9268
3298
26552
29654
32873
2060
9581
27010
11072
12183
33767
20280
20575
15438
18928
12016
16157
10419
24011
6829
15574
22055
18521
28919
21251
10688
26518
32252
6803
15991
15224
26839
37434
25557
16479
33836
12789
25433
30858
26248
9060
1473
19285
26355
3234
19747
13505
29453
24798
17889
4449
18577
36198
9137
11601
32982
9773
5383
24734
15880
35414
6382
5514
18295
18882
32828
6080
34539
16363
734
27646
25470
3581
26351
33074
31161
25417
33725
9820
18773
21633
14543
36585
113
33985
33707
5242
28629
23412
12130
20705
34489
18426
35420
12333
10351
15013
15752
24668
13842
8151
2501
20020
24710
2917
14393
30719
30563
8693
22905
30831
30755
19519
35104
14150
5645
18006
30815
3731
1137
20220
4264
13662
22324
27407
21597
10096
33257
22378
17485
37497
22373
9247
32891
16399
14408
32025
18798
25443
21603
1043
4044
24880
36079
12695
3760
31758
33886
5586
29851
20015
14125
26197
10358
11464
24410
27919
577
16837
37225
115
2245
11730
21733
15372
22470
19555
36040
14653
21301
34209
23427
36450
11861
4320
31266
14471
27573
33949
13937
27668
34048
11564
20270
20878
14919
24470
36991
13429
13136
3881
7418
30109
25691
24528
17468
8699
18860
23085
23181
24405
30699
5706
18835
33857
32832
25548
7895
14472
20779
28690
17673
34778
8125
34018
10651
291
10168
1842
2543
19076
18896
11838
1242
22980
33674
22935
13690
6632
28313
27985
9751
14872
36654
25962
30716
28136
33368
16455
35787
18445
16212
2845
31693
15059
25818
6704
16699
8208
20567
19221
8343
33493
11847
30916
30195
1669
15387
25844
3726
27642
29694
21984
28731
977
19781
6278
10893
22981
681
26907
1791
13075
12888
15103
19409
26052
24391
24384
30835
17280
14136
15929
16435
18177
16852
21011
4378
8247
27381
35585
33782
15401
36828
17718
16688
15550
1991
448
17861
3212
1753
674
12872
17005
27452
16725
6764
31313
4971
24178
11363
7122
5290
29935
4763
3130
35571
2366
32656
25297
16793
33734
16609
3840
5667
21763
31950
19864
26027
5672
25866
35017
12311
27264
28412
21453
18718
28016
1967
16554
17770
15626
27242
15352
24529
32146
24642
35846
36102
23590
7683
27778
29775
5784
24317
25019
25068
17680
19146
23682
12697
32766
5760
9809
14199
17249
310
1648
20703
17233
8995
27969
4707
8607
14281
33875
28162
21992
6831
11663
32992
32900
5783
36505
35476
16047
12331
1120
9492
7629
16494
6234
25726
4029
33690
22548
26076
35479
20564
25636
21313
34736
3754
23993
22502
35395
6713
11232
7057
3316
26889
30254
10129
26933
27389
6944
28516
8908
12874
33414
26779
2128
22567
27350
20158
3670
32543
36378
35011
850
3640
13543
32279
29841
31063
17743
30871
1496
28178
23839
16305
13618
33477
26015
6804
20964
5991
18552
4102
31314
4243
3972
26592
30530
11480
20214
10066
18693
23614
9992
28299
36251
28346
9630
25781
210
25903
6332
27522
9516
18236
14302
7400
1482
28138
26118
9383
27425
33115
17289
4356
8418
12950
28404
4814
29097
28809
22017
4068
5322
35318
22369
19094
16898
8414
7745
35719
30240
36632
36335
12926
28796
10710
29038
29065
13848
28884
10486
26874
5155
25520
27727
13109
36701
5732
29471
34620
23012
14679
6475
19708
20045
32231
27277
26287
16158
4281
4458
29139
23986
6445
7030
33467
28137
28949
5432
20176
26550
8719
28732
12041
4418
13194
12809
5034
9219
18412
13707
28760
27763
18952
32456
18080
31710
9931
23468
10873
1340
7162
18881
28771
20133
22035
971
12249
30848
25007
13512
37424
7278
27247
8655
13157
31998
2015
4787
23796
3630
29855
3741
12576
15761
16869
17203
35179
442
16191
9518
25552
28223
454
4010
15052
3477
18229
16753
33796
37129
16782
32038
16980
19161
23122
15250
27857
26396
24249
15547
3479
9184
9515
23345
30737
28054
18223
13267
17666
15184
8703
18972
11430
33709
3189
35272
7351
28835
5028
1063
5677
22675
29157
2715
29663
23449
25742
33167
15597
13057
23728
26043
13630
24582
27265
22027
24137
37118
535
17916
28111
16591
8641
26168
36923
32898
16910
8890
17977
28934
27921
135
744
25741
35135
18272
13604
17568
3344
4374
25121
20655
7290
23263
3892
15636
4424
11988
1229
34530
14592
35167
33746
18440
10323
36445
2578
5026
11897
30165
28875
10755
15160
25377
23847
4269
22972
6866
11780
824
5809
24933
9032
27154
25402
37304
30291
32414
8242
11250
33514
16364
10578
1285
8678
17009
11635
20175
15338
17024
6875
34498
35632
21887
17176
26186
15306
17386
24536
32542
18621
9584
19868
28854
24151
12381
15273
36794
4621
11218
26020
26434
8323
9868
4406
10158
29514
5405
26742
7705
34558
106
12922
33931
20225
20614
5470
30851
17259
22983
7682
29077
21987
24453
15018
5789
2130
9522
1939
31160
7214
34964
31583
14114
36423
32075
32696
2964
4641
33122
3065
37543
20329
35557
15070
21539
23595
29273
36177
15261
16968
23532
29797
29370
8830
22006
36401
6718
20776
19281
17031
31195
28453
28184
16197
11784
1738
6192
31958
21118
1588
13342
20485
36134
25901
3010
13882
1996
6879
9866
36838
16533
17561
14600
11752
29826
6874
34892
28334
19895
19674
17841
16055
21974
33032
8596
37509
32691
24388
4599
35682
8539
10765
15335
23702
34625
30792
30812
17138
17147
14204
1566
18874
18365
4346
2512
34942
17901
3320
35709
34291
27212
2007
27761
3498
5571
32967
34996
29942
32708
5698
35746
27735
24772
33014
18153
21779
928
34435
918
21205
11318
25044
30261
2437
2038
3251
35671
21279
9082
2179
21255
4727
30212
6950
29320
17324
5923
5421
19427
31921
2500
7764
15644
11775
13814
31559
21268
2972
6591
33770
2587
34879
12534
11701
34383
17020
3627
17618
6698
13143
30160
19639
2367
11407
20443
33289
25863
26041
559
8944
25577
3578
33884
22060
9225
2388
16734
35431
26837
11210
20700
19188
16326
35666
11437
31155
19467
3449
10633
19475
35539
20669
6908
29079
23980
10700
15415
16722
20988
11558
36646
13529
20911
36384
4078
7667
25525
4706
23537
27369
29040
36635
9165
21935
34732
17392
2484
12427
10725
15742
22725
567
10929
11085
5975
13546
10986
18479
11468
32121
2944
19174
16139
23531
2717
21917
15717
20244
19703
10014
36376
6948
21261
18462
20398
3078
9458
17167
3795
22903
2464
10682
36410
9454
27208
9983
8851
25303
32068
31098
15314
9265
22435
26982
5456
27671
23392
25653
1574
17772
36151
13347
26959
34244
21025
36061
13722
27027
3531
28274
1960
33823
20206
18964
20271
570
12526
14577
26019
12843
13709
7968
9970
4643
37638
26392
23679
4046
17623
20678
32034
20476
8283
27902
17205
35276
4851
32287
8685
11706
17640
21338
23933
37377
12308
12823
7886
11465
20482
23055
15101
1609
17350
31678
21707
1493
21972
20781
126
3831
74
22122
28246
35859
14357
18251
30692
14151
30981
17466
15972
14750
18394
36917
27795
34704
37259
24533
8798
4926
16509
27520
25941
2521
30287
21801
22280
514
13134
35421
35588
11856
9
6774
33710
32675
9533
13420
3821
2449
25025
1171
22129
656
15219
15794
6056
177
2916
37261
18303
31962
10836
1620
32210
33051
6130
19898
22393
28147
1359
16864
23804
7253
11259
29281
10391
3152
14470
20715
34393
20151
22488
30187
15746
2627
23088
34387
35731
31434
173
36599
24515
25018
32720
20019
3111
31373
10341
7603
18713
1141
7829
14197
32960
15484
30430
18020
12833
26410
26917
30521
18313
15489
2772
22160
17260
5778
14995
13506
5275
15882
22386
15031
14001
19144
3211
33675
18888
11986
19079
27782
24926
1194
11257
20616
29424
16382
36235
19573
9783
30275
18817
10625
34301
7672
18580
2093
6668
37264
8790
5665
29640
14605
12824
34143
35126
8182
26484
37679
4695
272
36876
24860
198
5880
24222
26482
13480
4246
10600
29510
530
4238
11621
29624
8794
3663
5553
20042
22346
30911
32981
5018
10778
24369
6845
7946
36454
24257
30758
30310
13930
23114
21980
22244
30221
2131
7834
23098
12242
914
9476
20884
18089
21765
34304
11482
34494
36285
3503
27424
11490
34763
24503
28681
18781
29145
26501
10198
34574
10938
11493
7681
33816
33240
27999
6318
33196
10967
18071
12001
23136
36248
12000
2987
2403
9186
2602
9135
35914
36707
28659
1301
2882
35729
19531
16988
29561
32048
33842
19572
17333
26700
35594
23747
26719
26972
17190
10641
33506
11937
30067
28924
3444
6144
21250
28717
23633
18643
9881
21352
19698
7335
29322
11078
2869
11740
4794
13854
18292
27954
23508
26531
26791
4080
14789
36357
8509
26916
36846
32517
11632
29352
26318
26465
18926
3155
31383
24756
19791
9122
2110
31910
7531
17659
33458
17085
14871
16108
24424
18590
25731
13341
1452
2017
85
15572
7257
24693
6238
19259
612
29604
6925
19763
35863
35092
37598
36791
15408
3499
20644
2074
5223
32678
12256
8964
21956
30533
6443
19730
3854
9582
21903
31645
29959
275
26986
32596
30829
29324
28108
29185
23509
13219
10247
3110
21520
9696
12371
3299
34228
19907
21806
37429
20611
4232
34712
1660
23048
18417
35162
4105
37400
27619
27165
25928
5287
16961
15344
31778
25038
2594
28441
35238
34343
22344
27858
3513
1131
26867
24076
8959
10432
19047
9056
28984
31861
17719
35143
20889
23709
36089
17452
5747
27025
20164
16130
29208
563
6420
7089
28378
26542
9182
13055
11974
35966
7207
6378
28396
19563
32388
19044
11509
9986
37249
4681
26205
16557
13948
21124
14573
31826
22126
6133
28723
16607
15731
11370
10780
13036
30205
36835
37059
13442
16094
29070
3605
14275
13363
36031
15747
6546
1273
25448
34333
6297
7298
15957
11332
130
17683
19477
7398
14392
11239
18662
26953
11742
1476
7808
27356
20983
14219
23828
21529
21491
27295
15265
18861
19419
28917
11399
6904
4660
32370
4861
20017
35607
22759
1720
32871
1199
17344
8602
3787
30930
34931
26564
37452
635
35121
31240
31621
11390
30335
29130
939
22745
18461
3220
13627
34770
21571
24444
8141
22704
33853
6709
2711
22296
21273
6354
9792
2895
24275
37219
24596
30713
33677
27953
34014
36019
51
7228
24425
2348
347
5963
28342
25845
4665
19250
8438
36350
738
10156
32065
28969
3465
2173
15800
30648
33244
35610
19601
8228
34918
33729
32377
9786
25172
23971
17915
27386
12480
24027
7879
26456
16308
29034
31956
35783
33559
14527
10249
14553
25349
9155
422
27045
5129
6355
11254
20989
14560
34670
34949
7570
6887
31912
32589
27675
12563
27099
35459
32328
12756
22303
9623
30276
25609
36650
24603
7955
21225
28750
3524
36523
9136
14123
7255
10946
33404
13830
18161
34733
3112
14051
19616
16767
4049
35255
28701
30984
37300
3592
803
37279
12140
20066
24408
18264
24728
22302
30330
4289
19072
25618
21730
28868
13061
12457
6962
21556
1886
7758
12330
22161
8584
14323
23889
26722
25856
22943
30751
29045
547
30761
12475
5579
1524
22964
27387
29465
10492
17408
2949
31007
9100
10234
6560
3471
36757
34475
17201
34977
24903
8593
5346
29155
10518
4253
8727
22977
15756
28000
28082
32348
24590
28424
31832
32779
14714
4237
7737
30797
23284
32870
7510
29943
17701
34171
19458
7768
24253
24254
4726
23577
22354
32215
5537
32035
25646
28033
36166
15354
35016
17305
36154
5611
34687
6254
6038
26538
29285
25022
32128
2069
31929
16275
20454
36895
1190
16218
20800
32994
17887
27453
6559
27508
14620
5373
3969
3853
26132
26098
21626
30449
26828
12472
35247
22365
23963
32140
35321
7405
2848
15066
21359
8577
17553
23306
36260
21168
5610
6661
14159
30446
3612
5463
5247
24622
1354
36672
37619
16695
28693
21427
34364
21293
2166
1966
35354
2207
18470
7701
13432
21774
26809
5729
34956
29071
28649
3659
1432
33111
5779
7171
33382
2996
17326
28305
856
4606
8264
24458
20227
16665
37407
7408
34737
3149
1344
17229
24795
20055
18237
11108
2991
32704
4884
15861
25455
22253
29741
7739
21755
11708
18551
36032
7156
14396
2843
33938
13737
6300
23990
36056
7785
293
3332
21369
16583
16608
16545
25943
14134
8146
19914
3293
26678
13344
31791
6392
500
18485
30217
36417
30787
16426
27753
26341
1020
27235
15340
19359
21044
20424
25281
30671
5562
13193
11904
18126
5093
13597
36545
21378
15298
11338
36946
29598
26782
33044
20326
7127
9378
21845
25112
27739
9631
12195
26391
21000
6026
30968
35101
7117
21308
33326
20466
17387
10155
10895
6501
23862
18202
34120
11059
34718
7551
16698
5708
20262
25372
5233
22010
15275
27711
28241
29404
21653
25357
34195
25567
22101
419
22908
13445
22427
36354
33749
18594
3495
34913
32208
27938
6376
10809
16932
23442
15000
22154
15062
23287
17837
20342
23566
6115
35690
17656
29630
1718
5347
8853
7002
21335
25518
32022
20767
3674
32417
21650
32830
9573
29111
17002
14859
21981
31460
20287
37293
30678
35519
35372
20872
1893
37023
8572
26593
5943
36181
24115
20981
33835
2786
12110
18176
5074
26411
36700
6852
6187
33964
12665
7058
36584
27940
11605
8446
33977
3711
16964
14135
36543
26545
34149
37177
10606
30042
21202
30808
29803
12709
13860
29455
4890
8087
9030
3976
5860
16674
13744
10852
1231
13364
14875
9856
10590
27798
30949
27412
31605
4902
14940
1784
8694
34563
28420
10843
17264
29635
21420
20204
32722
10004
34806
37035
7280
15582
33819
20118
13202
35004
