2778
17825
12079
21943
4780
30863
36648
20386
22914
31198
1418
5673
13284
32188
34455
11135
10488
29567
2590
20094
24197
14104
17317
6641
11290
19362
8960
15788
30462
23541
25029
28635
10966
18554
25137
22237
21047
19384
23385
35911
159
30596
31336
1543
33229
30380
7013
11018
33822
16654
32471
24519
21262
11044
24291
33262
27596
34385
5452
21504
31835
6424
25564
18233
3830
8860
8190
23932
19254
14888
27325
6064
8814
26563
11237
8360
18598
2927
20470
7712
4122
709
33867
19290
12336
6639
28238
8317
21285
31099
35747
592
30379
25704
9835
30576
5318
37305
21694
17442
29748
5187
6952
33380
2121
21454
23879
31637
17183
21952
5495
17128
12903
10002
26409
27470
32143
13579
11374
19488
2953
5513
16623
5348
26694
3135
18087
36008
19263
13019
14341
28922
25125
14905
30513
27062
4957
34538
13486
30384
13684
31299
14277
1356
20985
31014
9035
23366
10109
1103
28895
20569
12168
36772
9181
34332
5974
33738
27652
7721
27341
7237
33863
5326
3424
24932
34666
20528
13759
28749
27669
13339
28337
27102
1075
14379
1096
23431
19899
17227
7460
10459
2177
4191
37331
23798
18375
37175
24131
13953
10916
7211
36468
6942
23398
6436
33850
16030
26753
6127
32239
5997
13338
12920
30962
4741
16972
26784
28231
26881
31505
26726
18160
25854
10689
15143
27855
25675
37195
11165
34766
7750
9301
30302
34627
37145
25107
14193
23261
29481
4311
13418
10850
1265
34206
25579
727
2912
10444
12230
12741
30757
31174
19428
24729
30764
10685
8831
3974
3006
17876
31979
35400
19894
27655
30046
32106
31636
13774
23174
28397
15134
27839
10609
26731
21728
25221
3416
30214
13137
26660
