2273
1834
15814
24376
332
31205
425
30218
26989
28267
22872
27929
22426
34662
27273
2780
3934
18946
2755
2035
29358
4819
364
36514
29669
9447
30232
10281
33138
8759
5465
3398
4756
42
13995
4426
9127
13788
29589
22130
29254
36582
12884
26749
20582
27589
24561
29961
15110
32136
20116
2159
25043
2054
18215
37170
26116
3351
13663
1085
2915
22889
15241
15384
23311
17099
1672
12986
33813
29452
2603
15791
6957
937
2347
19755
16355
902
35290
29178
12182
19876
34468
4982
13456
30948
17525
29380
37651
28395
29024
12246
13955
20929
28522
18263
20954
10204
25898
17644
18274
37629
14873
16453
25242
34359
26595
20726
9777
13565
36731
6554
35681
3045
21169
22680
2333
440
8136
13365
12506
26401
2425
18866
22019
33453
17850
29311
33216
4683
28422
23783
35280
13711
11439
17847
6686
17684
14422
22196
31072
20535
7291
7654
8529
30301
6261
32066
16473
28595
12272
20631
15014
27427
16958
27834
26441
893
22519
37462
31783
6711
15108
10876
12894
29584
17202
9092
24350
13564
6797
2410
17033
10761
21018
27848
28714
3255
5896
23617
32369
25730
7191
1402
16870
35253
6600
11991
34603
14087
21796
6843
2597
