11687
28022
33300
6471
2369
11821
31151
7108
23215
30495
10264
33020
20325
8248
9228
28051
33125
4229
19486
27371
9067
33149
16732
19273
29020
23011
26978
9162
14758
15051
24883
19678
29597
12313
16279
35274
1740
21051
33156
27360
3092
13308
16886
20419
11628
704
13985
21161
6584
10083
16637
20811
34340
23001
31625
28935
17849
4095
14779
7464
9070
19173
33314
2249
32072
37081
28026
21646
10318
18249
35897
27139
4910
15290
25639
25330
30184
19442
3569
11048
26944
3691
33180
117
26283
24012
33245
19992
5117
13282
15559
23852
33203
12700
34658
4715
33826
21751
3127
33440
33589
26543
37395
13407
14552
3770
9934
27945
1779
9768
18145
27307
20181
12577
20544
4505
24188
35620
22026
17095
26187
29566
15475
25972
15208
15348
29537
17692
37173
29184
4776
28129
34995
10381
32735
9762
7576
4735
33271
12377
11595
16170
16926
29016
31124
21725
26134
36396
14060
31930
34969
35934
1700
34197
11155
10747
30383
7917
25404
16384
33342
21554
8213
27297
11157
34601
16271
21245
15930
16161
27570
28362
22356
13846
32725
20906
33774
24613
9949
11881
6634
25593
13710
5088
724
27296
35725
2613
5393
1408
12553
31306
37623
34137
969
16978
32162
2220
28479
9613
12463
20821
8510
23825
37207
37456
16440
30317
34348
34881
21157
4083
1555
3539
20372
1818
2642
19878
14061
24050
8632
35776
26759
4322
21339
17638
9410
29025
36394
14050
24865
21237
30951
10614
27802
36222
29672
18933
36795
24031
1528
16585
35138
1214
5151
34745
6019
6858
15810
35195
7366
9505
31123
3178
25358
23861
15347
36671
13692
27098
11139
23634
4064
15451
37313
16283
35925
23758
28583
3173
27687
28437
22219
23875
16239
15389
17619
20738
19506
1567
9112
26307
27873
10099
6012
4556
17880
20589
27942
27661
22180
25150
33162
14556
25048
22760
2062
7934
26204
8712
35323
12271
36364
34549
4588
6369
37582
82
6159
7167
2026
7535
33341
16396
8523
10758
7533
3074
36684
11074
25332
30538
37356
5041
20187
17424
5735
21277
23835
29127
3646
36414
18557
33494
6030
11311
5349
8638
7649
30400
3548
13266
9282
15812
5714
30021
27434
6198
5618
31657
35850
14444
17321
15482
22786
19929
29276
19541
28187
11192
16817
12916
2716
4899
14158
24289
36317
21722
34889
155
3025
15539
18434
32705
35575
3049
28049
9842
31627
13127
31943
12399
6036
19542
35853
23749
25930
19692
27136
15315
33668
22106
25878
20237
16024
26617
30211
26224
13884
475
14449
5563
18074
29177
22781
37406
14071
14111
1959
5181
3412
7087
26668
6468
2679
3943
9665
24063
7787
12438
31067
9794
16667
4830
36899
36025
26852
18842
31708
26551
27094
2320
6078
25328
10718
6004
15179
27117
4697
19390
24507
19437
19464
28478
29488
637
20495
12497
3636
30028
15852
19545
1690
2012
4909
11375
29579
31218
30820
26805
7158
20159
9020
30907
6151
32810
9556
20950
20717
3452
16023
20522
27597
26680
11012
31136
8561
9821
9899
7416
16857
36770
15478
36371
14579
24745
9218
28284
21835
12822
21213
2520
35604
26347
30855
26935
24585
27846
34423
6440
15346
34464
1515
5480
32944
15719
19164
32803
6044
36467
30179
19550
25635
35600
944
2798
32492
15439
25219
16366
31986
23248
31427
3225
16076
25462
29795
6609
13914
14133
17900
28821
3181
19000
20568
8344
26780
3150
3393
6113
18358
14649
15075
8012
4824
687
17520
29076
9131
34174
6215
15413
31964
793
33464
30204
34147
7312
11184
29223
8193
24189
20141
3333
1776
3083
29853
11443
21120
31196
34277
1335
5851
2748
17261
12873
32006
832
22705
11451
10116
34043
20182
15011
7945
15668
23710
29019
3629
20632
26087
32527
11473
37167
12633
12667
26023
18553
13430
10883
28125
5467
6163
20588
35327
36331
19871
25633
26188
9198
12572
26490
5065
2051
5689
16875
36516
37426
20140
25873
32382
34639
14636
15976
2670
22864
8258
12416
19147
31872
18085
26117
2645
21906
20365
22002
7382
25325
5277
13988
30903
36944
3286
30326
35771
28194
18720
9311
19136
11751
11322
13616
29022
34593
34218
5380
29345
10046
21354
37203
3144
16230
19995
12943
843
33160
28232
29101
24978
20240
10599
6978
20109
2102
31153
17414
7014
1952
30983
33277
27720
36676
7536
13450
24698
25895
21742
1646
1846
7359
17664
11361
13878
32504
30390
1037
10469
34082
22385
4766
14737
26178
25234
26730
20406
3653
17960
37687
29524
1455
3660
10303
16635
32223
30974
11268
4789
18813
3319
3755
33455
24991
29171
17391
18119
21449
11660
35065
11389
4685
9463
31596
27476
17250
3661
15494
11849
22403
2666
28447
14512
34998
6292
12123
12990
25042
36380
31639
12825
33437
17443
22857
25457
7525
36178
36179
28193
5159
5876
18366
36037
4489
37595
2654
30451
35772
16017
36302
28498
533
3394
251
17018
20202
23657
27725
28615
3362
4630
20129
34817
4475
14671
18098
9543
12036
24298
29688
30939
26275
14446
2262
5958
37062
13562
35482
16601
24172
15515
30222
14853
15319
18871
16141
24152
35480
20801
27960
35317
22909
2514
32896
37205
35978
23027
3041
6359
9204
29064
20687
2639
21154
2534
27633
35759
12994
16849
731
5803
6911
17257
9189
22153
22205
29617
32950
3409
31819
21658
1978
25937
13614
35398
6832
6783
2226
7378
17628
28472
19796
11303
31410
16666
199
31096
37156
1626
31144
15126
36638
30546
35379
36908
19471
22853
636
671
11031
3913
34532
33769
10294
37681
7235
24439
33355
35445
17102
13756
29870
3622
37204
2819
5454
12766
28705
22918
30236
25536
8722
27329
29233
16250
13110
20941
15165
34972
13617
21398
24554
11011
32631
21094
2833
23357
15360
18514
18623
13021
33649
29377
25126
7901
2505
25521
21216
32826
28880
2448
34411
4033
6352
10013
14367
34473
8006
13871
9764
31086
21938
18208
16979
37271
24949
13386
37590
15202
36924
36038
6490
6968
27492
30071
10774
25408
34471
37119
36103
13657
10090
35225
6730
28068
31305
33969
36506
6918
5001
29956
21868
19687
22652
37618
33802
25487
34513
35710
19395
28431
5523
19232
16681
22184
12834
34927
34354
6648
23618
19664
31642
13900
21933
3888
32498
35422
16193
24047
14538
21031
35849
26128
21671
20061
33924
36368
1798
22112
4548
20533
19718
26172
8270
15468
1795
12219
35124
33979
8240
6753
8135
23231
31747
31253
1312
13368
23821
15020
12792
8042
17189
28873
25200
25571
36278
27267
26084
5171
21136
2214
20006
12970
33181
32144
33130
24174
5138
14222
17388
11671
37366
16324
5280
22124
31718
15945
30512
36269
6406
21456
10878
7388
26909
22527
25114
26698
12771
26258
6415
8891
26630
28244
9953
29039
20433
1480
17011
3230
9147
8434
4443
15840
23113
7963
20120
24344
794
2185
2342
10119
23832
32274
21105
12529
20819
1885
10439
35722
9679
17793
11113
9055
20328
32923
10735
712
7429
3244
3528
12763
21684
1802
36074
21064
11017
11920
37159
18957
14467
18217
30011
12286
24927
35050
1247
20152
22794
8917
18761
32660
19760
36015
37447
5377
7433
37558
207
2667
1984
9126
32619
3103
4297
3124
32858
17437
30363
15573
29336
12715
26357
646
12063
35704
2726
27486
30683
14597
9661
28204
34329
24489
36737
20605
28496
1943
20842
14757
20484
29599
34362
15459
33991
31015
10857
16091
14233
23447
8471
4753
24571
18661
4984
22741
27984
33722
31296
15276
18613
16549
7557
34199
7876
11757
11126
9347
36287
12445
37567
28555
3543
20534
37498
36291
24704
30822
24242
4437
15689
8041
5604
8544
4999
33916
31634
34173
11455
12460
19271
33272
25046
26006
26421
17797
27810
33192
19637
36683
11202
21266
21913
29531
16737
23984
31828
12713
33214
28995
9568
16500
25761
4
26535
37625
22097
435
14880
14934
6897
12090
33321
21200
27241
8898
12584
26216
624
26487
4719
32475
25897
1444
33852
1198
7621
4097
27927
31947
271
15067
25369
4670
25975
20200
6660
11500
18574
25049
33371
15803
14734
1969
21899
25011
34855
24090
37361
33893
23502
25894
32962
17223
3120
22498
30867
7179
19183
11022
8846
18019
12316
34273
3012
17848
34231
1644
6395
27229
1845
26984
34501
16427
5071
17990
14475
36555
9115
24045
7131
13180
24026
30504
14374
35879
8187
5004
26553
31845
16861
35386
29461
12918
976
18999
21028
13277
5623
20179
4777
16715
32480
21747
27035
6421
29729
5540
30478
18616
29033
6837
15912
20835
33023
3869
32
1284
10051
13724
32890
892
21898
24838
32267
12281
1688
8035
1427
1169
33555
8070
8421
18325
13956
18383
25336
27569
31120
2181
13003
18901
21753
31333
32601
13293
14196
1678
12112
23003
28452
22115
23016
24099
1634
24715
12757
13633
22988
25009
3985
19963
4755
15753
34474
3773
26016
819
4491
26787
27604
26948
4781
28972
29429
30789
36476
36643
1858
9828
6199
11977
12149
30257
24300
30051
8184
7558
31852
4129
9343
7342
13168
36391
22555
31638
32867
33339
27791
4456
29327
2891
23475
18367
669
1458
25550
35127
19372
22563
4073
3123
20154
3202
17213
14705
15458
19185
18281
3403
29796
30841
22869
26942
34119
4900
1985
9494
14065
20783
16009
2582
11066
18786
10471
7046
18563
29140
17682
21488
22123
16998
24227
7927
29930
31963
2630
16014
20090
4501
12782
11382
29963
7272
171
31127
8857
32236
33627
34272
24260
18368
25208
8744
35010
21715
20299
30482
22419
33932
24909
25090
27831
37548
32568
12064
13022
5919
23622
37696
23766
33120
12139
25058
7669
10992
6387
36236
3023
24604
18482
19011
26354
19615
11266
7788
10097
10049
16992
330
16136
34886
25966
36657
10054
18380
34360
31889
7091
13602
3307
8628
28107
11603
7830
10653
22132
27880
26612
19920
4584
12387
27640
30497
35714
33
9901
29284
6749
26534
37630
22948
13218
34547
35319
4116
33465
4699
37030
30604
1763
7584
25695
11095
11333
707
27992
31607
23630
19249
955
21564
11369
2486
4057
24234
35516
19440
36013
7809
15922
21468
12100
23516
31206
17535
32064
29146
35662
10554
28131
21910
12698
12298
10400
25485
19425
3126
7772
8688
17897
9234
1974
22989
36787
29642
35315
6202
34723
14998
16936
1287
25997
32021
5132
24165
37125
12862
4367
13701
1563
7370
11005
21989
31445
4655
11788
22138
8425
15345
8807
27448
6506
91
25383
24789
2644
14059
23474
14884
18402
5489
1971
24908
5114
26345
982
2877
322
22524
3882
5060
28078
19272
18448
26848
27884
24036
32740
28581
579
18771
28208
32337
3936
27977
18275
12847
5603
27437
26474
18585
16223
499
15231
29235
7099
34823
6174
26068
11147
4521
35425
21498
26951
12430
7477
18620
25558
33185
2827
18051
722
23926
30633
17608
17461
6903
9913
31046
33230
1426
1417
11793
32973
11719
1712
2416
20183
20763
10495
24121
9626
3077
25904
37135
5787
1889
26122
127
6859
6427
13001
34870
24904
30156
28788
21058
35166
16819
5473
8164
15097
12797
5147
9408
28011
30866
10319
13465
21222
14116
10141
37000
528
16349
26022
17359
20659
30879
3810
27149
9249
16594
10248
34923
21267
10231
14985
25171
5557
17036
34612
36821
17517
33913
12116
4028
8368
8130
20789
26360
28526
10525
19951
23481
26841
31787
23996
25532
36397
17269
13942
15598
19996
33504
35495
17000
5433
15782
18863
20755
34973
24200
33682
37073
36840
28047
30128
25794
9489
11186
31656
23911
10904
21804
7019
18668
37291
12960
8904
15722
33047
10476
35488
31049
9625
5745
21695
8047
24278
31443
11925
25869
32897
2386
28857
11623
16446
18484
35761
21437
21585
18354
23959
19729
25573
15230
36807
20875
25275
24399
34743
34950
27091
27396
16465
29571
31554
19127
27348
28315
25386
2956
3689
7197
12481
18372
31334
37024
13895
23776
35538
18419
25140
31361
2217
30704
36490
34677
26051
18242
35774
10498
25530
9648
32911
471
4646
17973
3262
11150
4547
36145
30147
33353
17171
24682
32422
20693
32976
30999
10363
4211
25247
18645
26091
32775
2116
7858
10115
5531
11627
18487
32074
11
19650
24774
2341
13400
14535
5442
5640
8060
17206
9885
28650
37460
32073
22252
37166
8372
6216
18512
34090
33151
28482
14971
16083
1035
37613
1107
575
17449
28055
28219
15648
13536
26522
26993
20848
21258
31582
33016
29486
37372
11366
18755
18013
17070
10652
8028
19010
1227
21063
13592
1664
3926
34974
5150
24452
12615
18257
32576
5331
37237
29478
24804
6096
30174
22190
31055
23608
15873
5113
26897
10485
16762
22906
13103
25838
3468
1425
32141
15721
28243
22936
4996
2986
28115
5196
25833
20459
26631
6262
11887
31534
13821
23769
3454
24540
30216
5947
19705
22016
394
17135
27691
4739
21076
879
9270
14250
27144
10773
45
6582
28466
33316
27225
22550
20869
31042
7230
30574
24526
36080
36106
13469
5702
21300
29535
3321
53
18062
35562
4312
22648
20747
24371
13229
31138
22463
25081
32255
35035
20221
32665
3203
29736
7623
873
35699
13008
3951
396
12621
16894
28320
9103
35084
34571
16383
34847
23920
34552
12861
34583
33113
35758
29501
7661
11865
7174
14166
11916
28537
35382
23464
2413
36660
37416
149
12160
20126
1027
31804
37067
37255
36029
27086
2860
15628
34661
36967
20509
8484
8309
19150
12395
31058
24703
6960
33934
6034
19317
28233
30193
16204
35226
35983
31669
256
12174
6956
2294
17942
25762
32185
14314
21423
26495
30588
1907
29931
25380
36871
33260
3364
26331
17863
11641
35510
1134
2009
16188
25512
3324
11667
12551
10075
13261
27787
16274
35565
3421
31498
11235
17569
22146
24708
14130
19960
31854
6176
11609
24943
30416
14069
2156
34064
10433
29154
2288
6937
27541
23241
11170
18137
917
28883
7676
10580
12357
1817
36931
26246
19310
21152
25016
29798
31632
5250
15497
12690
15541
15866
35440
14601
33817
7451
17423
6313
2508
4282
13621
14754
20896
33145
15302
29060
37148
26685
882
5403
5853
14551
29264
4160
25583
10045
35059
15264
34953
18807
12818
37235
18332
9804
33584
34497
10964
30004
9163
17803
15307
10675
16101
15349
18092
20404
32563
6438
17029
7209
12808
31040
3736
27757
18129
22846
30229
22799
26895
8687
31343
11172
32412
26850
13805
27249
10720
34788
3114
5858
32120
6358
33631
21849
19219
27943
10276
34222
36017
15854
32450
33412
22266
25075
17028
34234
22844
16977
26121
33572
11440
8476
24193
34263
37179
4015
32968
14077
24691
17637
31739
23202
26812
385
36480
4901
23019
29364
35394
3982
12177
21078
30959
999
14646
2775
1562
11315
34202
851
27003
27841
29315
23607
3765
17282
31249
1684
15124
33851
34985
3806
15566
16561
2553
22481
26968
7748
11103
25442
7695
22937
20912
17898
7116
8403
19473
17371
35455
23947
16058
2870
32320
21549
23771
1052
32659
30267
34618
36234
30630
26477
27972
34484
355
10238
4273
15678
23943
24117
27878
7609
12353
34035
28780
11570
36385
18500
9429
19588
29820
18797
12200
23149
33943
23671
24717
23715
3278
8189
35052
12285
33660
12454
34175
35545
8029
36346
30868
31389
17927
10548
18315
17556
32037
17538
1983
20907
33187
17313
30463
7806
30447
18887
5824
30945
34265
14906
26160
32739
20194
29542
20722
17310
7869
4804
31903
19811
813
3033
7591
35063
768
28411
703
9172
11214
16311
31470
31610
7135
1322
7016
4516
16372
34023
34211
31023
36710
3558
17210
4041
18665
36583
36315
22744
22248
32906
21465
854
16299
25788
5011
13187
5434
4423
27148
34252
5356
10622
11837
23254
35256
29662
26161
8872
31735
13557
2218
13166
2254
36756
32749
33811
7223
6768
30583
4194
9735
15710
13002
4760
7729
17416
11492
28702
36851
9406
12193
16924
17053
1896
14442
14562
33989
8911
19749
22654
9243
12361
13844
33254
28491
30766
19653
23413
9289
24246
6898
19813
17712
20323
7692
13196
30550
35584
35766
14390
34826
3563
36696
10447
19051
8479
16731
15479
1339
37301
16439
22047
25040
26721
30164
12512
4848
23176
29533
27869
11526
24619
13859
32392
3745
20449
19129
2332
28563
9801
24726
1127
12579
18166
34098
13580
9196
29768
29545
36422
35389
12199
29328
18231
50
11152
32953
48
28492
14053
22275
2549
10187
14780
36641
23288
9229
17184
19108
29405
3487
12573
29346
10894
6789
16140
5186
542
18544
8056
35760
31047
17957
8377
17986
1222
21661
20590
8748
7588
15309
8278
4498
13138
16238
29878
29246
6170
13340
20394
7336
349
12059
2606
5207
17104
17169
4100
31527
6143
3673
14641
10065
26329
29211
30014
1953
16796
23130
1887
9879
21705
16433
25749
23285
5528
13973
18762
10339
12382
31110
10322
14590
1993
20473
9487
13306
8237
13585
29138
35554
37257
13314
13071
19926
5955
30105
6737
33452
22143
22982
30359
18442
3662
212
20357
2621
8267
12711
35130
36094
10395
20169
3075
31864
27021
36122
14174
32177
30876
5870
24429
11785
13933
26139
28948
30731
32795
4483
10306
16891
21299
26862
27006
3973
14339
9998
17674
24971
2351
8291
17845
21361
19408
37273
9521
2532
8562
15064
12084
11143
31984
14391
22468
26111
18501
9185
6450
28058
30614
35723
28971
7523
24868
19261
379
979
2048
37522
32533
11058
8378
31254
16634
23074
27666
9077
20481
15374
5898
8353
16720
6253
23093
3759
6710
12121
35056
21669
25182
37052
30020
37563
14398
3862
28712
35755
34920
34702
12762
31079
14313
19463
20733
20132
30433
36662
14364
20104
14917
9134
18714
14898
36321
11394
25000
27399
20425
11893
27991
14143
28225
31025
22758
8212
26844
26030
6266
27897
2135
24247
5372
33696
12232
11762
3764
35880
25233
29059
33545
27645
29003
5794
25051
26445
27042
10463
19304
5581
23177
2374
17253
12050
15334
37202
37275
1541
19296
2292
18935
33996
6114
9073
12415
8763
32744
10607
28578
7111
15564
34958
26748
1304
26300
20613
18819
684
2815
14097
10598
14747
2261
13313
36893
7021
5989
30009
2057
31707
10702
32813
37698
20467
34834
31214
16244
33429
7950
19632
10426
16575
20973
24897
8094
20706
33794
6214
17055
34223
24849
44
22931
23472
15043
31467
25508
22958
30667
365
786
29343
23013
33818
354
4840
14252
1548
2593
13305
31185
11459
29614
8401
24263
30226
3204
18682
22203
20167
15006
23962
35648
5632
37615
11422
30883
8348
9704
34528
35028
24112
19997
28120
29888
6966
5670
28309
26896
3287
29518
11145
11359
37621
6385
15418
24191
11043
20714
1256
35981
13392
29494
19287
33033
14681
35533
18792
2865
28252
8272
8684
35566
36272
27528
30191
36842
1576
1074
6565
13849
36557
10405
5279
22522
23128
35222
35048
22476
16010
21830
36174
30748
10814
517
9802
28770
4023
33999
6824
28281
3259
35148
35564
27155
19666
8072
31490
30601
13971
8171
15120
33129
36432
32169
5012
32650
19420
30941
34131
25540
27916
12897
23900
3538
4257
24106
27715
27815
10511
16510
21271
4003
18355
34983
12184
19208
3381
779
10246
15606
142
3814
34204
9795
15917
36195
23034
34313
36975
7258
29677
24664
30168
12617
30141
11611
30155
5844
1843
16248
25591
26709
12489
9746
23782
19360
37383
26894
36786
31573
33164
20349
32636
35702
7141
8970
17559
30068
32786
17077
22241
24646
14248
6284
12641
19602
17588
22777
15724
22991
5144
5850
1622
1668
5936
33771
12832
16255
36442
12405
14836
16717
27718
32757
35885
6993
9401
31985
31840
8126
24457
3258
20908
25995
36047
15311
10858
14951
5180
24637
15859
36596
15889
1220
16902
22517
14226
33389
4792
835
21883
31992
16378
20940
4121
8560
19123
14415
12980
25656
9114
18094
11612
26967
12860
19952
37547
12588
9830
35795
18356
12522
16089
17582
16728
21049
10853
5137
27582
20935
26664
33894
2570
4306
13377
14329
33530
429
3965
30094
34358
22465
1168
21115
32081
10612
29448
6975
10699
16800
3482
16840
4177
2800
26254
36521
35444
25977
29760
14908
4913
30485
23723
15513
37182
3437
26795
663
35913
9714
1183
22011
36139
14665
2771
3692
13147
815
34772
32742
11839
7352
21759
27306
3013
23387
35129
12583
4199
10753
23893
10350
8848
30947
26036
32291
35532
36825
4221
22700
26833
12270
4027
14920
23203
33004
21530
24211
1320
4983
15932
29256
24806
27971
31311
33831
30374
7371
37641
10661
16373
25982
11281
818
12587
25955
27321
34357
28037
29249
33935
29670
34003
35684
22424
25602
16258
34178
27485
27538
32893
35606
17061
5471
10336
27080
12299
18639
16148
25506
12728
12933
16292
31543
4666
6736
28550
33879
36247
7741
7086
17697
21844
23680
23721
17495
24915
6656
23637
7420
16369
2313
36966
3639
9674
33954
19321
21738
3946
21522
14218
14961
26435
18044
26062
28221
33809
5686
11216
615
26106
27011
5625
14232
34388
10822
35091
18108
2239
13839
32243
10828
13331
16572
34637
15024
25697
8138
26397
9254
25193
3910
3610
14964
37103
36461
35122
8437
9400
34416
21458
33126
30490
4785
23367
18630
26940
970
7338
33926
25313
26144
1355
30110
15336
20725
31444
13012
17413
37089
18925
2016
7529
33285
16031
17191
30840
34811
14584
25676
32486
21880
8953
22598
37232
2961
15041
9370
2253
11574
434
28716
32476
3346
8706
23064
36276
32455
33659
1364
17064
24394
28389
29577
26438
1522
21534
29282
8469
384
12414
6058
18273
14022
15040
20143
32726
18572
23510
32500
5228
15037
25036
30095
7077
31774
26046
28818
27892
15035
24292
11181
26199
853
11087
18740
36014
11711
1854
35501
11015
13967
13794
4110
34196
12718
22262
1357
20526
1713
26903
24100
24401
33133
33633
37574
10962
30924
19482
11213
9367
165
15583
30534
33942
4821
28921
37211
33320
22784
405
24240
14450
36434
4970
18157
32679
12800
20677
28324
10980
20622
29
35418
654
2528
3431
21807
24282
3443
8352
18323
7905
13544
12519
13765
1347
35599
5208
11798
13959
14162
15521
26469
24671
25491
4436
2276
33343
30708
732
29862
4903
13160
30934
13311
25864
28010
5435
2408
19771
26436
37512
6653
28454
5548
14582
11870
195
29108
26624
5857
6155
7851
31990
32466
26301
20615
4056
810
2950
9078
14673
32358
19315
27766
13300
19746
34932
1625
35144
34526
35790
5959
26346
33157
4582
28090
3326
34882
31202
27581
13006
36168
697
25779
27009
23683
31686
22788
6459
21516
35831
30801
25385
21324
5418
28766
31033
15885
18832
33869
3668
18970
31899
35190
10502
1308
32426
7763
8010
10298
26366
17041
7221
10386
34544
35840
16471
26433
30973
3878
27109
10950
13977
23813
25053
15980
18676
21450
18717
33839
20825
34725
11853
33092
9978
28628
27191
16622
19056
27463
10807
12194
27141
18783
33634
37374
31010
2889
37393
9377
37063
27561
29636
27333
34663
23096
22451
33427
2142
28480
10371
34241
20901
6131
22361
28029
28265
19931
35824
10302
27301
22614
25284
4070
9749
35929
19831
9348
12048
8445
10162
10749
20161
29705
6731
12898
23730
34557
14695
21286
30331
1922
12094
19758
25778
21134
280
36985
15091
6061
23615
14753
29482
5505
17730
9107
19923
32167
28862
28240
31245
17509
32285
33821
11541
31877
2563
37084
7838
30754
27603
31918
3137
26691
24689
18979
19818
22776
3824
9262
19190
28218
30428
24187
7752
20651
27558
2101
26011
36218
11777
26613
14929
18898
7150
11522
17462
11598
37131
27797
33862
9500
15987
25768
1492
23208
33714
13964
2580
6856
11779
7861
3024
17425
23939
23952
4288
37242
32681
32522
29653
33697
1334
18902
37674
5539
28745
15234
30986
35861
15028
33207
34282
2914
5029
22814
20222
4168
2265
23874
28002
20930
15084
7472
1336
9316
21430
37491
9064
15538
34398
36817
13741
8674
34614
36180
13858
22496
30209
32302
21066
35252
37671
3835
6333
24255
35451
9715
29704
31147
6465
29021
10869
16224
36867
10393
22560
22401
27676
8934
35183
4616
16923
32198
27076
30072
15676
29661
8099
35812
19313
25241
22737
16222
24566
32852
11217
33491
31569
5977
19460
10630
4985
8892
2250
37353
22381
2216
31909
6357
7025
12317
16340
13533
26692
1788
24535
34461
28548
16714
19499
34106
20407
24800
12811
5976
10768
10824
27664
12105
25804
17353
8048
11159
21175
22651
24423
11477
28530
10643
7143
5906
18497
30480
17548
24018
17278
36533
11830
32621
37142
4931
17808
29175
11481
31566
26633
17609
3184
15792
14507
16696
10418
32355
35285
15188
11653
903
19585
12527
15174
7709
19660
33441
28229
34321
14457
8521
24443
31983
19628
25607
34802
21396
29087
13802
7811
10563
22736
6697
26109
19842
28977
11418
20965
15847
21618
24095
9776
24713
14172
27534
36143
13074
2418
12172
1756
20746
37459
4499
15841
26444
7893
5311
8676
36303
27560
2527
22865
1411
20606
25947
26597
17746
13960
26194
13631
22043
4082
19087
12125
32364
13510
20155
24870
12668
28295
30554
26049
5608
31650
1262
1527
32083
10265
30292
30258
30807
34619
4720
9807
19066
32290
28144
12091
16448
21400
34534
8947
13004
18239
6936
15212
23049
32622
36755
22220
25655
9403
11818
10500
32405
10387
19438
6161
2018
27879
21904
8811
720
20239
4751
191
7325
4636
23729
3850
21567
16231
19371
8888
37367
25216
28891
16450
28551
6868
3769
10380
19239
16342
8752
12153
13150
15796
15008
32386
33359
27665
34145
28173
37381
25409
31455
14520
20069
21351
1630
17092
21814
35920
9540
16049
31919
25527
18460
25111
26181
15604
1860
4159
15505
36192
12458
36686
6520
3484
10987
2312
34830
26313
30421
3022
12901
28747
11829
20422
1440
17366
12485
28668
4518
6615
13116
29270
23812
17483
16082
11156
27410
18530
27186
21014
7313
3138
29440
25230
16019
21811
1419
4205
25056
2030
12018
27717
30785
15785
14055
16942
35245
11941
15811
34275
6401
13695
18454
17969
20121
17208
25890
14188
31056
5134
11735
25243
25153
2762
880
28384
4072
27900
4231
27077
8842
30686
31871
23487
36613
22839
20230
21670
8670
35530
20844
138
8713
24812
784
4610
3376
1963
25803
16766
15019
21591
26024
29314
30913
4801
19175
29475
25309
33284
1671
32432
3268
35512
30470
24145
4770
25605
4980
36437
10861
14607
29081
10796
486
6738
8234
15452
27599
12365
32020
7310
102
147
17369
11171
28486
29544
32805
2225
5010
26207
15850
33956
34697
33178
37603
263
20546
34111
5293
8998
24495
1520
268
28046
7489
24223
22336
24871
24450
7579
20115
20689
22316
6611
10674
9930
14756
17760
18216
27714
18184
4450
23078
18068
10694
22521
36963
151
13766
23101
32203
20768
36067
5141
16927
30439
2198
5126
30770
8286
16467
27533
453
14296
5021
29828
32319
19932
921
13397
24141
28929
2734
23482
2085
25246
25981
16815
909
14811
20947
13272
24564
31699
3091
4854
10135
476
20665
25494
10526
22037
6853
16707
34247
5411
14977
6336
32047
35948
3294
17082
19391
21820
32003
15404
21958
31763
12657
18373
33408
16269
14689
37472
1683
24086
28874
9583
28757
6510
13542
33742
35163
6734
11677
34579
27586
25625
24832
1635
16758
9600
4226
18040
35231
16110
29858
36050
14588
34556
6744
10210
21097
27203
17263
17290
6067
158
1094
35751
11728
33150
9684
19715
19954
3493
30898
23976
24392
15767
2703
5501
9427
27162
13679
2934
5118
12765
3280
18889
2109
23029
25014
33163
4123
30672
23923
8919
2674
23940
5136
2902
26466
14403
16498
13438
19627
6480
9765
28607
10696
10529
8191
14000
28239
8971
16588
10957
30585
18691
286
1283
12236
31646
16069
7184
18921
31406
14778
30119
12217
24850
15010
23497
14447
28298
20891
25100
30832
29594
32548
32978
24251
37662
13148
21810
34071
19785
34698
1209
26886
12964
5863
12799
37635
5236
13494
1637
26350
410
7263
9724
10887
35592
28360
11521
3828
29117
778
27294
33955
24462
9208
36698
37140
23870
29804
16421
29549
5313
15078
27531
18115
15716
28641
7098
3229
20198
34674
2542
11424
25070
7870
24062
31030
1733
14448
18981
32921
10197
6518
21336
24527
27930
36677
20148
20820
4504
17566
32142
19159
27866
3354
9058
11274
29683
25173
32153
14629
14310
20031
4314
16625
1628
21692
29924
5593
27361
8701
4372
27910
27591
21055
24213
12745
8737
16831
6782
6674
24770
2306
35310
27156
10874
31611
24523
26690
3802
4843
36170
10408
12060
28263
19971
29170
6231
3944
9483
13390
5345
2164
33607
34577
24015
167
1434
7686
10766
15297
12164
21866
13869
30435
745
19077
34194
13358
8588
18875
3954
6595
13041
26799
28699
37176
680
31461
34565
13799
28973
30323
14282
19622
27263
30991
34829
7330
25304
27496
32958
20708
26266
995
163
8067
11781
36900
26453
36970
5438
30096
16190
24937
6675
22286
37392
6293
35454
13674
27081
6930
8160
10010
17056
26513
29191
10259
27785
3282
11809
14451
19252
1276
26101
11198
36005
30063
24198
34408
5847
13624
4939
13048
21608
21784
15032
34336
7569
9291
15229
1901
25948
3086
27366
1210
6014
30940
23519
23601
9924
27411
23548
31148
8150
23172
2206
10355
6976
847
2383
9565
19126
29532
34465
37408
21648
20130
21410
23918
27519
21548
27351
5587
25400
10107
13164
24007
1033
32499
16256
9272
29988
13600
20218
27442
12175
5758
36812
13382
14615
22559
15157
6499
9589
18884
820
6816
37463
8792
3598
29372
25196
111
18401
6568
23006
33053
35697
16051
29001
33520
3562
9754
37335
26541
31239
7159
19695
31413
37079
24407
1542
26708
36600
11636
28570
807
2988
8137
3015
33688
9991
11035
23418
33965
8871
23480
16750
37397
8186
15661
35294
31459
9796
22056
5595
20740
21799
6605
35465
22850
21052
23020
32270
14257
28846
19141
32928
34750
16315
37442
36930
3167
21166
21249
7217
29224
7125
31054
32673
18269
19778
20987
15973
23912
30098
16999
14293
13733
20374
34227
35337
9937
15918
27405
4172
31781
37314
31048
3192
31751
30127
12561
3683
18906
21545
28845
24196
1394
5734
22637
25585
26226
16930
5764
22300
17407
17896
19186
16877
34540
14657
30130
35349
22387
13945
19193
25344
1404
15765
15729
14082
34488
7023
33583
1692
24414
13535
15111
7294
18599
21891
24087
1470
6095
808
259
26834
11673
25131
29996
28455
6296
34157
7192
17293
35504
20863
26439
36509
11816
30753
19535
8103
21627
30175
28203
1259
4816
28870
14223
28724
26264
28116
27557
13043
18016
28828
2976
29674
1159
23697
6529
22397
8043
24147
13406
26981
8950
8665
8852
27180
4335
32041
31371
13525
2127
1627
16168
11620
12865
10468
23564
11859
20995
22404
8762
26404
4233
20504
1999
16459
2070
9667
6200
14336
5324
1299
18671
24091
25101
21373
7064
17968
21827
24057
32804
1535
6708
32234
37421
19451
18168
18757
16721
34901
28626
16834
20199
21108
25800
25612
32174
14411
17821
5716
4536
1605
25151
4099
11234
8861
26621
21710
33874
35639
28114
31223
33263
13425
18248
84
6132
14762
35796
11669
15227
20585
15509
19353
947
4684
13433
1268
21540
34446
2469
13446
31283
