21683
32178
19001
28123
27907
31256
29907
28590
14516
2090
16804
29463
10353
16986
25837
7138
22400
13133
21067
14326
33904
3048
37436
16303
10003
345
13560
5328
31157
27627
16514
445
12704
28259
26801
27224
15969
37607
31549
7269
27036
12878
36026
15109
23556
6522
22283
26656
26402
958
8107
37359
7909
15030
27376
21235
20099
21718
22227
36631
14255
2557
10914
27894
13851
27970
23324
35460
7845
18042
17234
6028
33238
16477
37534
22926
19625
1804
9848
22413
32926
13181
37078
32468
25237
27607
35493
35062
14967
25665
33903
22691
31208
9629
3912
8661
1093
34285
22204
1982
12072
265
7249
2971
17267
33712
9616
36535
16367
19551
18760
23415
30642
15774
7818
36035
36051
3766
2438
28927
3266
33667
26653
28308
32436
33077
20944
14870
37041
22677
14794
24888
17543
14669
24879
21174
36158
36874
5525
21907
34136
8791
32506
8058
23908
7677
14652
3791
27875
34053
27755
20319
33083
12132
34397
26623
28879
29062
28685
37005
10176
24670
11316
30631
24432
27862
13235
28067
15316
8386
19134
15592
25971
11703
16348
12243
34914
32784
8926
18345
30185
26997
7288
6484
31868
23377
7540
22351
9976
24159
35235
4042
32338
24950
5987
29779
3076
15169
36990
836
17300
36428
18361
22766
23157
23239
19305
346
25245
29411
15622
33626
20966
34713
5796
13818
10345
35064
13521
37389
20894
11040
28730
10257
15578
29006
30654
26380
22201
3517
35450
18053
18753
32304
6935
34075
12076
33871
8020
6701
26887
8161
9586
31327
25970
6031
13328
13287
25823
34058
32356
11665
25574
21776
17966
3040
22371
21274
23941
17430
5687
18962
1207
5793
28094
26861
11335
37422
18929
7594
2925
8936
7422
3275
14427
18294
24607
14583
21291
7660
21657
31414
5460
2396
19751
10266
37321
35278
37001
22458
1377
36947
24348
15217
13158
20191
2360
28513
31665
25649
22922
1146
710
13059
7760
9235
28696
4251
21104
18477
6285
36601
28930
19379
37213
23347
32379
34112
19503
7774
32453
24186
18540
29142
28923
6862
14650
13459
35333
24966
18491
12625
31794
14768
36510
37686
34741
31082
27262
27712
9771
18547
20338
23371
13416
34607
15548
4349
36611
31841
31934
23854
3213
2491
21630
8475
24963
13023
33941
12646
16423
6723
28720
21404
32676
30523
23938
29509
35663
24166
22096
13767
1249
37441
11036
14140
34000
19702
968
8250
10582
37371
5255
1698
33403
10910
24722
36072
17004
12649
23188
6916
30007
27416
24951
26082
30465
6049
10315
35866
26419
30693
32357
3145
9397
11289
31501
36018
31341
2747
4448
34132
27864
3348
15845
34862
24855
20919
33399
13699
32119
26217
18827
36940
7817
6158
29517
33215
5146
30803
25938
33906
18241
12706
34555
4321
25885
35137
15113
34569
12508
28619
32114
26393
1021
20134
34350
23863
13700
16045
16656
8779
23880
14561
9632
14385
34945
5267
35271
13464
23800
20868
11450
20092
33000
36883
6308
2081
36964
26637
22798
5791
2676
5319
17636
33880
25759
33275
37095
21432
27817
13608
17667
18261
22513
6477
8241
33472
7170
36123
8859
22187
3876
34827
13503
10133
1446
21383
35120
12088
26114
35968
2876
21236
13100
20996
17983
33762
20571
28506
29515
13024
12442
10523
9271
37461
9014
24286
7941
888
27240
30507
28234
20415
32863
124
36759
36201
10513
5790
10229
31590
34746
25825
3896
37267
23191
17681
7554
25828
25144
25415
35002
31773
6651
16751
19641
26155
34791
27944
11405
28887
2082
27052
36724
5145
14686
23318
22773
23623
10585
17286
20748
33940
25474
35447
34561
9864
6928
19891
658
4162
5070
35799
34911
15061
12378
10698
28168
24052
5451
36403
1771
22780
33791
11712
18746
1203
25231
26962
31191
19061
899
10953
35852
36418
19424
30308
35917
2361
10044
18170
17119
4204
23775
37100
2531
18913
30178
35145
34083
29968
21226
10150
31535
29259
11288
30087
9375
14383
19027
26930
870
10884
20619
11625
28296
4096
23732
3256
9466
26230
29258
32324
30341
7849
28627
21455
3534
31734
36070
7617
105
20778
6537
874
8824
4934
34022
2906
13682
36334
13226
13279
33872
3847
34598
13718
30562
16895
36238
7730
27170
7428
25072
17748
25261
26294
27324
29873
28165
2941
34102
262
36046
29181
35168
21748
16288
35412
35474
7800
9101
7466
21156
14986
13615
10671
23095
13230
2404
5954
35583
26089
6125
26643
27978
19109
2278
18290
16164
17373
16482
2647
21162
1077
17030
22207
28414
25478
7452
31870
31449
30652
23383
14350
34581
34187
21283
26826
14767
8279
17034
23790
31409
22755
34183
5507
28314
601
29441
9193
16484
18711
20658
10226
34212
29091
9173
29759
3695
7918
17230
29244
31452
19635
31814
32225
37108
2188
11174
17627
28853
16260
30332
32342
9676
27304
18227
19354
6212
12045
29887
13142
35955
23299
1261
13032
9601
23
37537
18499
5185
19652
15819
2897
35941
20043
19382
18586
17159
37181
24878
28375
25124
32687
4214
22873
24534
26337
22331
25722
30321
12513
2945
14290
4710
8886
36589
3071
35674
19453
30263
21167
14517
25350
34824
34961
27741
479
8456
1122
19117
10343
28373
24032
34256
26412
31081
11365
30747
2175
37025
15496
1258
20650
10195
23190
35228
37683
13291
17474
15631
6101
9318
29436
28708
5534
24947
33388
19685
24070
16404
6938
24648
32935
23099
15587
3987
24773
8340
10407
6291
3073
14105
31232
26674
37146
6447
20393
22307
21563
19270
23654
23571
31345
37080
20322
27152
23320
12126
14438
23171
34099
34673
20165
20897
37014
11796
29166
16462
29335
23014
19559
27876
36712
23619
25780
18537
14460
37028
19575
37666
7804
22289
31259
33492
305
33968
30825
32768
26333
31555
34453
14833
35748
23609
12840
14482
6393
14179
32778
31538
5731
13316
30536
30772
31199
18625
17140
27050
30687
5177
15665
11107
23647
760
30663
28795
34288
19662
8658
18647
11094
18363
21254
32848
27287
13980
24116
27071
22446
19539
13440
16251
36167
27404
10970
28045
25796
30912
21499
15563
3582
19226
20490
24948
35083
13607
14901
20274
30997
7519
11230
19769
11004
13623
3469
2746
33019
7247
18899
24644
14658
6787
22067
33235
20663
418
31234
35093
16401
2452
8659
36133
13352
7005
16495
7450
725
21704
20816
32797
2938
32112
17934
4750
26603
5781
11434
22467
34207
6186
5543
9360
1078
871
5455
23460
35560
11951
8609
34664
9257
3989
8893
12179
35334
16587
9028
19689
21102
726
18405
20732
32240
31746
32376
22623
10520
34902
26514
12838
18655
8200
11658
37520
717
33333
243
37069
7599
27562
12550
8147
16963
35031
36891
6368
6303
23110
20358
27059
7597
11806
14536
19048
27038
13918
27461
7530
7653
3650
12290
333
10868
24936
32777
28430
8226
15733
2365
22975
8454
13410
27161
16741
7273
30564
9745
17872
28063
2671
16700
10031
11984
7691
13245
33983
22544
2162
29063
490
20488
18338
29485
7068
32936
28044
30613
19577
10934
10845
8232
13549
28789
28075
29280
26736
15296
35055
6961
20900
23937
24205
34454
15965
8715
19125
10482
3991
22003
1873
30371
20562
30910
3142
33772
15477
11630
18940
13634
750
2298
18130
19938
23266
4377
37319
2858
16375
12389
19605
11967
13122
5195
508
17464
13954
19512
24707
16185
33984
23217
3651
27551
27946
26288
8488
24199
35644
6259
5848
10356
2287
15390
21397
5058
18270
4846
32406
23021
11992
30256
13558
18407
34441
23640
7137
23125
26939
6603
34589
8627
25570
23143
22516
36916
24911
4060
10673
19452
16551
28599
15277
11769
33616
25041
10196
30780
37599
25149
17472
29902
3314
23124
1217
26626
2933
5503
15122
22821
13030
19827
35408
574
20289
8085
31396
25535
1689
15705
19768
15366
34094
24237
34353
23778
28383
13875
11869
15954
36203
11042
13376
36868
31619
25110
22682
10464
26755
69
14559
19881
22088
1777
11768
32523
31321
8491
23718
21002
16641
20523
18214
2024
1109
26776
17937
6695
25773
28439
4347
35561
27920
34582
26819
22600
15805
29355
35441
35214
8896
30636
19851
13489
34984
31322
27950
26636
29845
35950
22678
25109
18473
28272
16066
17804
9851
6079
10721
31744
16694
22925
1042
5816
10541
12495
6150
19426
30388
16646
14941
24465
19810
36259
14009
11449
