7777
24856
32712
27651
26540
37525
27063
20062
1751
27455
23909
34042
21204
27183
7187
26662
21348
17732
378
6394
9232
31111
31713
31018
15038
18206
21712
28143
15270
19422
9293
4399
28303
7897
18795
25057
25985
32986
1894
3572
10101
8416
5015
30154
14511
26684
32572
735
23791
33764
35882
4088
4775
17767
35890
25994
13685
7992
4411
2856
8933
24635
34349
9748
12793
22847
33546
29454
23814
35608
7088
26770
29199
14206
35660
17188
25839
35332
15454
8965
30594
33958
21575
9322
18725
31717
14915
34594
25005
34355
12648
24331
12670
13912
25427
7998
14682
11812
702
18409
239
8050
8009
5404
3672
11705
19088
36389
28959
9364
2774
19392
32061
10025
6659
3455
1525
14894
22265
5905
6599
3591
31107
9688
34017
21244
17389
28183
8866
5573
5314
5935
20351
33605
7415
11745
539
972
27955
2191
19568
33678
8364
35513
35
26429
28601
7169
25423
3955
13524
8546
29378
35665
34148
9373
3336
22665
9656
6500
3724
2909
6250
31368
23417
15709
25754
30666
32111
4454
2134
27464
21975
17197
11448
3522
12233
11591
16253
34115
12396
25163
11691
15540
36404
3250
35762
6173
10550
10427
7865
3053
31468
8507
31497
32487
22731
9803
22882
16272
2378
34857
13526
35552
34887
14595
30047
37682
6921
33330
33081
7374
34069
22462
34979
17647
14466
4035
36869
11244
30474
21325
2021
6694
25806
8341
36318
23676
15342
29391
27182
18699
27315
27851
8458
35308
531
33070
30030
19855
12968
13072
26327
9130
29632
23008
36953
26863
15457
28368
34096
18014
10219
13451
13686
23998
24939
22837
36254
24557
22757
13490
30738
28989
